400,3 
401,110 
402,185 
403,356 
404,361 
405,343 
406,547 
407,442 
408,392 
409,563 
410,470 
411,411 
412,577 
413,475 
414,527 
415,571 
416,470 
417,617 
418,541 
419,492 
420,633 
421,512 
422,583 
423,606 
424,492 
425,646 
426,564 
427,581 
428,651 
429,534 
430,624 
431,637 
432,568 
433,670 
434,587 
435,611 
436,664 
437,549 
438,670 
439,653 
440,611 
441,687 
442,596 
443,629 
444,677 
445,599 
446,702 
447,656 
448,630 
449,703 
450,604 
451,670 
452,685 
453,623 
454,712 
455,655 
456,638 
457,722 
458,604 
459,694 
460,697 
461,629 
462,717 
463,656 
464,678 
465,721 
466,606 
467,705 
468,716 
469,647 
470,721 
471,657 
472,699 
473,723 
474,607 
475,702 
476,714 
477,639 
478,712 
479,681 
480,687 
481,716 
482,634 
483,703 
484,719 
485,638 
486,711 
487,694 
488,671 
489,716 
490,648 
491,699 
492,719 
493,644 
494,708 
495,690 
496,654 
497,715 
498,667 
499,685 
500,718 
501,648 
502,704 
503,689 
504,656 
505,711 
506,676 
507,658 
508,712 
509,651 
510,694 
511,686 
512,658 
513,708 
514,675 
515,659 
516,707 
517,652 
518,674 
519,682 
520,658 
521,698 
522,672 
523,658 
524,702 
525,666 
526,657 
527,679 
528,656 
529,687 
530,669 
531,656 
532,697 
533,662 
534,655 
535,672 
536,652 
537,671 
538,664 
539,652 
540,683 
541,659 
542,652 
543,667 
544,643 
545,651 
546,677 
547,684 
548,719 
549,704 
550,729 
551,740 
552,733 
553,768 
554,741 
555,767 
556,773 
557,757 
558,794 
559,763 
560,786 
561,796 
562,773 
563,800 
564,799 
565,792 
566,810 
567,786 
568,804 
569,816 
570,786 
571,815 
572,821 
573,805 
574,819 
575,820 
576,814 
577,823 
578,799 
579,819 
580,826 
581,802 
582,824 
583,827 
584,814 
585,826 
586,820 
587,819 
588,828 
589,803 
590,823 
591,828 
592,799 
593,824 
594,828 
595,797 
596,826 
597,812 
598,809 
599,824 
600,797 
601,814 
602,824 
603,788 
604,817 
605,806 
606,786 
607,817 
608,789 
609,800 
610,813 
611,780 
612,806 
613,795 
614,771 
615,809 
616,777 
617,774 
618,799 
619,766 
620,788 
621,782 
622,756 
623,795 
624,771 
625,748 
626,779 
627,739 
628,749 
629,762 
630,733 
631,768 
632,749 
633,725 
634,748 
635,716 
636,717 
637,729 
638,691 
639,707 
640,716 
641,681 
642,701 
643,710 
644,672 
645,695 
646,692 
647,664 
648,688 
649,676 
650,655 
651,682 
652,660 
653,644 
654,674 
655,637 
656,629 
657,663 
658,613 
659,617 
660,654 
661,589 
662,606 
663,624 
664,563 
665,593 
666,594 
667,536 
668,579 
669,563 
670,510 
671,564 
672,531 
673,481 
674,552 
675,498 
676,449 
677,523 
678,460 
679,413 
680,481 
681,422 
682,376 
683,435 
684,377 
685,333 
686,380 
687,333 
688,320 
689,325 
690,282 
691,300 
692,260 
693,222 
694,243 
695,193 
696,149 
697,151 
698,111 
699,67 
700,18 
400,10 
401,124 
402,318 
403,315 
404,314 
405,479 
406,415 
407,372 
408,519 
409,436 
410,474 
411,537 
412,449 
413,567 
414,536 
415,450 
416,616 
417,515 
418,518 
419,626 
420,490 
421,603 
422,573 
423,486 
424,639 
425,538 
426,582 
427,642 
428,511 
429,656 
430,594 
431,581 
432,655 
433,555 
434,610 
435,653 
436,561 
437,692 
438,613 
439,611 
440,672 
441,571 
442,646 
443,666 
444,606 
445,705 
446,626 
447,626 
448,687 
449,580 
450,685 
451,677 
452,623 
453,716 
454,632 
455,656 
456,704 
457,598 
458,704 
459,687 
460,633 
461,719 
462,633 
463,687 
464,724 
465,600 
466,715 
467,701 
468,670 
469,721 
470,633 
471,702 
472,722 
473,602 
474,714 
475,719 
476,670 
477,712 
478,650 
479,697 
480,715 
481,603 
482,705 
483,706 
484,640 
485,712 
486,667 
487,689 
488,715 
489,620 
490,704 
491,699 
492,647 
493,709 
494,679 
495,676 
496,714 
497,631 
498,699 
499,694 
500,651 
501,707 
502,677 
503,655 
504,713 
505,643 
506,687 
507,691 
508,653 
509,701 
510,677 
511,655 
512,709 
513,661 
514,666 
515,687 
516,654 
517,694 
518,675 
519,656 
520,705 
521,664 
522,656 
523,683 
524,654 
525,681 
526,670 
527,654 
528,701 
529,664 
530,654 
531,676 
532,650 
533,660 
534,665 
535,651 
536,693 
537,658 
538,650 
539,668 
540,645 
541,649 
542,659 
543,646 
544,680 
545,653 
546,663 
547,696 
548,692 
549,743 
550,727 
551,720 
552,753 
553,735 
554,770 
555,762 
556,757 
557,785 
558,759 
559,787 
560,785 
561,775 
562,801 
563,776 
564,792 
565,809 
566,779 
567,803 
568,814 
569,792 
570,811 
571,814 
572,805 
573,817 
574,797 
575,813 
576,821 
577,791 
578,818 
579,823 
580,808 
581,822 
582,822 
583,816 
584,825 
585,805 
586,819 
587,826 
588,799 
589,823 
590,827 
591,808 
592,824 
593,818 
594,811 
595,823 
596,804 
597,814 
598,823 
599,792 
600,816 
601,814 
602,785 
603,818 
604,799 
605,800 
606,820 
607,785 
608,805 
609,804 
610,776 
611,809 
612,791 
613,769 
614,812 
615,773 
616,787 
617,792 
618,764 
619,796 
620,778 
621,756 
622,796 
623,756 
624,750 
625,774 
626,744 
627,770 
628,760 
629,736 
630,769 
631,738 
632,729 
633,748 
634,708 
635,721 
636,732 
637,703 
638,716 
639,706 
640,691 
641,706 
642,694 
643,683 
644,700 
645,680 
646,675 
647,694 
648,665 
649,666 
650,688 
651,653 
652,656 
653,680 
654,630 
655,643 
656,669 
657,608 
658,632 
659,642 
660,583 
661,621 
662,615 
663,559 
664,609 
665,588 
666,534 
667,596 
668,560 
669,506 
670,584 
671,530 
672,479 
673,570 
674,497 
675,448 
676,523 
677,461 
678,433 
679,480 
680,425 
681,413 
682,438 
683,385 
684,389 
685,388 
686,338 
687,374 
688,336 
689,289 
690,340 
691,277 
692,232 
693,262 
694,208 
695,172 
696,173 
697,134 
698,103 
699,77 
700,19 
400,8 
401,178 
402,241 
403,266 
404,427 
405,384 
406,356 
407,494 
408,424 
409,491 
410,518 
411,438 
412,568 
413,518 
414,440 
415,610 
416,504 
417,510 
418,613 
419,482 
420,599 
421,559 
422,490 
423,633 
424,526 
425,579 
426,636 
427,500 
428,651 
429,582 
430,579 
431,652 
432,544 
433,606 
434,650 
435,560 
436,676 
437,599 
438,608 
439,666 
440,559 
441,654 
442,661 
443,605 
444,703 
445,617 
446,624 
447,681 
448,571 
449,684 
450,673 
451,622 
452,712 
453,625 
454,655 
455,697 
456,602 
457,706 
458,682 
459,630 
460,718 
461,626 
462,686 
463,718 
464,605 
465,714 
466,694 
467,666 
468,719 
469,630 
470,699 
471,722 
472,586 
473,712 
474,701 
475,668 
476,709 
477,647 
478,693 
479,713 
480,609 
481,703 
482,705 
483,647 
484,709 
485,660 
486,688 
487,713 
488,621 
489,701 
490,694 
491,644 
492,710 
493,676 
494,679 
495,712 
496,631 
497,697 
498,689 
499,648 
500,706 
501,674 
502,652 
503,711 
504,630 
505,690 
506,687 
507,651 
508,701 
509,672 
510,653 
511,708 
512,646 
513,674 
514,684 
515,653 
516,697 
517,672 
518,655 
519,706 
520,664 
521,654 
522,680 
523,653 
524,686 
525,668 
526,653 
527,702 
528,662 
529,653 
530,675 
531,649 
532,665 
533,664 
534,650 
535,692 
536,658 
537,650 
538,668 
539,644 
540,650 
541,659 
542,646 
543,682 
544,654 
545,647 
546,679 
547,677 
548,724 
549,717 
550,712 
551,745 
552,729 
553,766 
554,757 
555,745 
556,779 
557,755 
558,784 
559,780 
560,772 
561,797 
562,768 
563,790 
564,806 
565,776 
566,802 
567,812 
568,792 
569,810 
570,810 
571,804 
572,815 
573,792 
574,812 
575,821 
576,796 
577,818 
578,823 
579,809 
580,822 
581,820 
582,815 
583,825 
584,802 
585,822 
586,827 
587,797 
588,822 
589,827 
590,811 
591,824 
592,816 
593,814 
594,823 
595,806 
596,815 
597,824 
598,792 
599,817 
600,816 
601,788 
602,820 
603,800 
604,800 
605,820 
606,788 
607,807 
608,807 
609,777 
610,811 
611,793 
612,770 
613,812 
614,774 
615,790 
616,793 
617,767 
618,798 
619,781 
620,757 
621,801 
622,758 
623,757 
624,777 
625,747 
626,777 
627,763 
628,739 
629,773 
630,739 
631,731 
632,752 
633,715 
634,732 
635,736 
636,707 
637,726 
638,703 
639,695 
640,708 
641,687 
642,689 
643,703 
644,672 
645,682 
646,699 
647,659 
648,673 
649,691 
650,648 
651,666 
652,686 
653,628 
654,654 
655,664 
656,606 
657,643 
658,639 
659,583 
660,631 
661,614 
662,559 
663,621 
664,586 
665,535 
666,610 
667,557 
668,521 
669,596 
670,530 
671,501 
672,561 
673,502 
674,483 
675,525 
676,467 
677,466 
678,484 
679,429 
680,448 
681,443 
682,391 
683,427 
684,397 
685,347 
686,408 
687,349 
688,302 
689,347 
690,295 
691,250 
692,275 
693,231 
694,188 
695,203 
696,154 
697,122 
698,114 
699,69 
700,18 
400,8 
401,136 
402,201 
403,359 
404,342 
405,326 
406,464 
407,403 
408,523 
409,486 
410,424 
411,586 
412,497 
413,426 
414,607 
415,496 
416,500 
417,596 
418,476 
419,598 
420,550 
421,475 
422,629 
423,521 
424,576 
425,633 
426,493 
427,646 
428,577 
429,571 
430,648 
431,541 
432,602 
433,647 
434,551 
435,678 
436,597 
437,603 
438,664 
439,556 
440,646 
441,659 
442,600 
443,697 
444,608 
445,622 
446,679 
447,567 
448,683 
449,669 
450,621 
451,712 
452,618 
453,648 
454,698 
455,596 
456,703 
457,681 
458,628 
459,717 
460,626 
461,683 
462,723 
463,604 
464,713 
465,694 
466,659 
467,720 
468,631 
469,698 
470,724 
471,595 
472,714 
473,696 
474,686 
475,712 
476,651 
477,695 
478,714 
479,599 
480,704 
481,708 
482,649 
483,710 
484,667 
485,689 
486,715 
487,618 
488,702 
489,699 
490,644 
491,710 
492,679 
493,678 
494,713 
495,623 
496,699 
497,695 
498,649 
499,709 
500,678 
501,653 
502,713 
503,640 
504,689 
505,693 
506,652 
507,703 
508,676 
509,655 
510,711 
511,657 
512,668 
513,688 
514,654 
515,695 
516,674 
517,655 
518,706 
519,665 
520,655 
521,684 
522,654 
523,684 
524,670 
525,654 
526,699 
527,664 
528,653 
529,680 
530,652 
531,661 
532,667 
533,652 
534,691 
535,660 
536,651 
537,673 
538,644 
539,650 
540,661 
541,648 
542,683 
543,656 
544,647 
545,663 
546,656 
547,680 
548,706 
549,704 
550,738 
551,719 
552,745 
553,752 
554,739 
555,779 
556,749 
557,774 
558,778 
559,768 
560,793 
561,764 
562,788 
563,803 
564,775 
565,800 
566,806 
567,789 
568,808 
569,807 
570,802 
571,815 
572,788 
573,812 
574,820 
575,798 
576,816 
577,822 
578,808 
579,821 
580,818 
581,816 
582,824 
583,799 
584,819 
585,826 
586,801 
587,823 
588,828 
589,812 
590,824 
591,815 
592,815 
593,825 
594,801 
595,816 
596,824 
597,792 
598,817 
599,815 
600,792 
601,819 
602,800 
603,804 
604,819 
605,785 
606,809 
607,806 
608,776 
609,811 
610,793 
611,778 
612,813 
613,774 
614,792 
615,795 
616,766 
617,800 
618,781 
619,760 
620,802 
621,759 
622,761 
623,779 
624,749 
625,781 
626,765 
627,741 
628,775 
629,742 
630,733 
631,756 
632,721 
633,737 
634,740 
635,711 
636,733 
637,711 
638,701 
639,709 
640,686 
641,694 
642,705 
643,671 
644,686 
645,700 
646,658 
647,678 
648,694 
649,643 
650,671 
651,688 
652,630 
653,661 
654,667 
655,607 
656,648 
657,641 
658,585 
659,638 
660,616 
661,563 
662,628 
663,590 
664,552 
665,617 
666,563 
667,536 
668,597 
669,533 
670,520 
671,563 
672,504 
673,503 
674,528 
675,472 
676,488 
677,490 
678,436 
679,470 
680,451 
681,400 
682,450 
683,408 
684,359 
685,427 
686,358 
687,316 
688,364 
689,306 
690,267 
691,299 
692,246 
693,210 
694,222 
695,181 
696,141 
697,141 
698,106 
699,64 
700,17 
400,8 
401,115 
402,277 
403,291 
404,293 
405,432 
406,387 
407,515 
408,474 
409,406 
410,584 
411,489 
412,417 
413,603 
414,489 
415,467 
416,601 
417,476 
418,584 
419,555 
420,455 
421,626 
422,521 
423,563 
424,632 
425,495 
426,636 
427,580 
428,557 
429,645 
430,543 
431,598 
432,645 
433,514 
434,675 
435,603 
436,597 
437,661 
438,560 
439,616 
440,657 
441,590 
442,698 
443,616 
444,617 
445,678 
446,571 
447,671 
448,669 
449,617 
450,710 
451,622 
452,636 
453,692 
454,592 
455,699 
456,679 
457,627 
458,716 
459,625 
460,679 
461,712 
462,605 
463,711 
464,691 
465,650 
466,719 
467,627 
468,697 
469,723 
470,594 
471,719 
472,696 
473,682 
474,717 
475,649 
476,694 
477,714 
478,602 
479,704 
480,707 
481,656 
482,710 
483,660 
484,689 
485,714 
486,616 
487,703 
488,700 
489,642 
490,709 
491,681 
492,680 
493,713 
494,621 
495,698 
496,696 
497,648 
498,707 
499,678 
500,652 
501,711 
502,636 
503,689 
504,692 
505,650 
506,702 
507,677 
508,653 
509,710 
510,657 
511,674 
512,690 
513,653 
514,698 
515,673 
516,655 
517,707 
518,665 
519,655 
520,684 
521,654 
522,685 
523,670 
524,654 
525,700 
526,663 
527,653 
528,678 
529,652 
530,666 
531,666 
532,651 
533,693 
534,660 
535,651 
536,673 
537,645 
538,650 
539,661 
540,649 
541,681 
542,656 
543,647 
544,664 
545,632 
546,663 
547,692 
548,693 
549,729 
550,707 
551,730 
552,745 
553,734 
554,774 
555,741 
556,767 
557,774 
558,758 
559,792 
560,758 
561,784 
562,801 
563,771 
564,797 
565,805 
566,786 
567,807 
568,803 
569,802 
570,813 
571,785 
572,809 
573,818 
574,792 
575,815 
576,822 
577,806 
578,819 
579,818 
580,814 
581,823 
582,799 
583,820 
584,825 
585,798 
586,822 
587,825 
588,811 
589,824 
590,817 
591,816 
592,824 
593,802 
594,816 
595,824 
596,794 
597,817 
598,820 
599,790 
600,819 
601,803 
602,804 
603,820 
604,787 
605,808 
606,810 
607,779 
608,813 
609,793 
610,771 
611,812 
612,774 
613,791 
614,800 
615,768 
616,798 
617,783 
618,759 
619,803 
620,763 
621,754 
622,783 
623,751 
624,775 
625,768 
626,743 
627,784 
628,749 
629,735 
630,760 
631,721 
632,728 
633,744 
634,713 
635,742 
636,722 
637,704 
638,716 
639,688 
640,695 
641,706 
642,677 
643,687 
644,701 
645,663 
646,680 
647,695 
648,647 
649,673 
650,690 
651,635 
652,665 
653,672 
654,613 
655,652 
656,646 
657,590 
658,642 
659,621 
660,574 
661,632 
662,595 
663,561 
664,621 
665,569 
666,547 
667,609 
668,541 
669,531 
670,573 
671,510 
672,517 
673,537 
674,479 
675,500 
676,501 
677,444 
678,482 
679,460 
680,409 
681,466 
682,419 
683,370 
684,437 
685,371 
686,325 
687,381 
688,323 
689,277 
690,318 
691,264 
692,223 
693,248 
694,199 
695,166 
696,164 
697,128 
698,97 
699,72 
700,16 
400,9 
401,159 
402,227 
403,252 
404,393 
405,363 
406,476 
407,460 
408,400 
409,573 
410,481 
411,414 
412,598 
413,485 
414,430 
415,612 
416,476 
417,563 
418,559 
419,456 
420,621 
421,524 
422,549 
423,630 
424,498 
425,609 
426,587 
427,535 
428,646 
429,545 
430,591 
431,645 
432,515 
433,662 
434,612 
435,588 
436,661 
437,563 
438,611 
439,657 
440,574 
441,694 
442,628 
443,614 
444,678 
445,579 
446,653 
447,669 
448,607 
449,703 
450,641 
451,625 
452,698 
453,590 
454,681 
455,681 
456,622 
457,714 
458,642 
459,660 
460,720 
461,594 
462,698 
463,697 
464,623 
465,716 
466,646 
467,687 
468,721 
469,597 
470,707 
471,721 
472,663 
473,715 
474,654 
475,688 
476,712 
477,612 
478,700 
479,714 
480,630 
481,707 
482,688 
483,678 
484,712 
485,626 
486,697 
487,714 
488,637 
489,706 
490,683 
491,663 
492,712 
493,637 
494,693 
495,707 
496,643 
497,703 
498,682 
499,650 
500,710 
501,659 
502,679 
503,704 
504,646 
505,698 
506,680 
507,653 
508,706 
509,670 
510,654 
511,702 
512,649 
513,687 
514,678 
515,653 
516,701 
517,668 
518,653 
519,695 
520,648 
521,669 
522,676 
523,653 
524,694 
525,667 
526,653 
527,689 
528,650 
529,652 
530,670 
531,650 
532,684 
533,662 
534,650 
535,680 
536,656 
537,650 
538,664 
539,646 
540,670 
541,657 
542,646 
543,672 
544,652 
545,646 
546,675 
547,677 
548,728 
549,714 
550,710 
551,740 
552,727 
553,764 
554,753 
555,752 
556,774 
557,754 
558,784 
559,768 
560,777 
561,797 
562,767 
563,792 
564,806 
565,777 
566,803 
567,804 
568,796 
569,810 
570,791 
571,805 
572,816 
573,785 
574,813 
575,821 
576,803 
577,818 
578,820 
579,812 
580,822 
581,800 
582,817 
583,824 
584,797 
585,821 
586,825 
587,809 
588,823 
589,819 
590,815 
591,823 
592,807 
593,815 
594,823 
595,796 
596,817 
597,824 
598,787 
599,818 
600,805 
601,803 
602,820 
603,790 
604,807 
605,817 
606,781 
607,811 
608,796 
609,773 
610,814 
611,777 
612,791 
613,802 
614,770 
615,799 
616,785 
617,760 
618,803 
619,768 
620,756 
621,786 
622,753 
623,778 
624,770 
625,744 
626,786 
627,753 
628,737 
629,763 
630,726 
631,729 
632,747 
633,717 
634,752 
635,729 
636,709 
637,723 
638,691 
639,696 
640,708 
641,676 
642,690 
643,703 
644,663 
645,684 
646,700 
647,647 
648,676 
649,691 
650,637 
651,669 
652,674 
653,617 
654,658 
655,650 
656,595 
657,648 
658,625 
659,584 
660,637 
661,601 
662,571 
663,627 
664,573 
665,558 
666,615 
667,546 
668,542 
669,579 
670,518 
671,523 
672,545 
673,489 
674,507 
675,511 
676,457 
677,489 
678,472 
679,420 
680,473 
681,432 
682,383 
683,455 
684,387 
685,340 
686,394 
687,340 
688,295 
689,335 
690,288 
691,244 
692,267 
693,226 
694,184 
695,197 
696,151 
697,119 
698,112 
699,68 
700,18 
400,8 
401,130 
402,196 
403,342 
404,330 
405,408 
406,448 
407,392 
408,556 
409,468 
410,412 
411,591 
412,483 
413,416 
414,607 
415,482 
416,520 
417,576 
418,463 
419,611 
420,532 
421,515 
422,626 
423,505 
424,587 
425,601 
426,479 
427,643 
428,556 
429,579 
430,643 
431,524 
432,628 
433,629 
434,572 
435,662 
436,575 
437,605 
438,657 
439,540 
440,673 
441,649 
442,605 
443,683 
444,588 
445,621 
446,671 
447,594 
448,700 
449,654 
450,623 
451,704 
452,595 
453,668 
454,684 
455,614 
456,710 
457,658 
458,642 
459,717 
460,600 
461,693 
462,700 
463,621 
464,714 
465,655 
466,681 
467,721 
468,605 
469,702 
470,721 
471,642 
472,715 
473,664 
474,693 
475,712 
476,623 
477,699 
478,714 
479,623 
480,706 
481,690 
482,674 
483,711 
484,635 
485,695 
486,713 
487,633 
488,705 
489,687 
490,645 
491,710 
492,649 
493,689 
494,713 
495,639 
496,703 
497,682 
498,649 
499,709 
500,663 
501,677 
502,706 
503,646 
504,697 
505,681 
506,652 
507,707 
508,670 
509,653 
510,703 
511,647 
512,687 
513,678 
514,653 
515,701 
516,668 
517,653 
518,697 
519,649 
520,673 
521,674 
522,653 
523,696 
524,665 
525,653 
526,691 
527,645 
528,651 
529,671 
530,652 
531,682 
532,663 
533,650 
534,681 
535,656 
536,649 
537,665 
538,646 
539,670 
540,657 
541,647 
542,673 
543,652 
544,645 
545,657 
546,659 
547,715 
548,703 
549,701 
550,732 
551,719 
552,758 
553,748 
554,737 
555,770 
556,748 
557,779 
558,773 
559,771 
560,795 
561,764 
562,789 
563,799 
564,774 
565,800 
566,803 
567,791 
568,809 
569,791 
570,804 
571,814 
572,783 
573,812 
574,818 
575,801 
576,816 
577,822 
578,811 
579,820 
580,798 
581,816 
582,823 
583,797 
584,820 
585,825 
586,810 
587,823 
588,816 
589,816 
590,826 
591,801 
592,817 
593,823 
594,794 
595,817 
596,823 
597,790 
598,820 
599,804 
600,804 
601,821 
602,791 
603,809 
604,817 
605,781 
606,813 
607,798 
608,777 
609,814 
610,779 
611,792 
612,804 
613,770 
614,800 
615,786 
616,762 
617,804 
618,768 
619,762 
620,789 
621,755 
622,780 
623,772 
624,746 
625,787 
626,759 
627,739 
628,766 
629,728 
630,737 
631,751 
632,721 
633,754 
634,731 
635,712 
636,730 
637,697 
638,703 
639,709 
640,673 
641,696 
642,706 
643,659 
644,688 
645,701 
646,647 
647,682 
648,686 
649,643 
650,675 
651,673 
652,630 
653,665 
654,650 
655,615 
656,655 
657,626 
658,601 
659,644 
660,601 
661,590 
662,635 
663,575 
664,572 
665,611 
666,549 
667,558 
668,580 
669,520 
670,543 
671,546 
672,492 
673,528 
674,513 
675,461 
676,514 
677,477 
678,425 
679,495 
680,438 
681,389 
682,457 
683,396 
684,348 
685,404 
686,347 
687,307 
688,350 
689,297 
690,259 
691,287 
692,238 
693,203 
694,213 
695,175 
696,155 
697,135 
698,102 
699,79 
700,17 
400,8 
401,111 
402,259 
403,278 
404,435 
405,409 
406,371 
407,559 
408,449 
409,389 
410,585 
411,464 
412,416 
413,572 
414,464 
415,528 
416,550 
417,451 
418,614 
419,516 
420,525 
421,623 
422,490 
423,600 
424,576 
425,509 
426,637 
427,537 
428,585 
429,638 
430,507 
431,660 
432,595 
433,580 
434,655 
435,551 
436,607 
437,649 
438,569 
439,690 
440,607 
441,610 
442,669 
443,564 
444,650 
445,663 
446,607 
447,703 
448,619 
449,623 
450,686 
451,573 
452,688 
453,673 
454,622 
455,711 
456,624 
457,664 
458,703 
459,595 
460,705 
461,684 
462,627 
463,716 
464,625 
465,687 
466,721 
467,595 
468,712 
469,703 
470,670 
471,715 
472,633 
473,698 
474,719 
475,598 
476,703 
477,714 
478,655 
479,709 
480,665 
481,686 
482,712 
483,610 
484,700 
485,709 
486,636 
487,707 
488,681 
489,678 
490,711 
491,623 
492,697 
493,699 
494,642 
495,707 
496,677 
497,648 
498,710 
499,639 
500,689 
501,695 
502,647 
503,701 
504,676 
505,651 
506,707 
507,662 
508,668 
509,692 
510,649 
511,694 
512,674 
513,652 
514,704 
515,665 
516,652 
517,689 
518,649 
519,679 
520,672 
521,651 
522,697 
523,663 
524,652 
525,685 
526,646 
527,651 
528,668 
529,651 
530,688 
531,660 
532,650 
533,680 
534,639 
535,649 
536,662 
537,647 
538,679 
539,655 
540,646 
541,668 
542,637 
543,645 
544,656 
545,640 
546,693 
547,687 
548,690 
549,722 
550,709 
551,751 
552,740 
553,731 
554,763 
555,743 
556,775 
557,768 
558,766 
559,787 
560,762 
561,787 
562,792 
563,774 
564,800 
565,794 
566,791 
567,807 
568,773 
569,804 
570,813 
571,789 
572,811 
573,818 
574,804 
575,816 
576,803 
577,811 
578,820 
579,787 
580,818 
581,822 
582,802 
583,819 
584,824 
585,812 
586,822 
587,811 
588,817 
589,823 
590,799 
591,818 
592,824 
593,792 
594,820 
595,823 
596,799 
597,821 
598,803 
599,806 
600,820 
601,789 
602,811 
603,813 
604,780 
605,813 
606,795 
607,785 
608,814 
609,782 
610,798 
611,801 
612,770 
613,803 
614,785 
615,763 
616,807 
617,766 
618,775 
619,788 
620,758 
621,785 
622,772 
623,749 
624,791 
625,751 
626,743 
627,767 
628,733 
629,752 
630,752 
631,725 
632,758 
633,731 
634,716 
635,735 
636,698 
637,708 
638,716 
639,679 
640,699 
641,708 
642,671 
643,693 
644,702 
645,661 
646,686 
647,682 
648,651 
649,679 
650,671 
651,642 
652,672 
653,650 
654,628 
655,661 
656,625 
657,615 
658,652 
659,600 
660,602 
661,643 
662,575 
663,590 
664,609 
665,550 
666,576 
667,578 
668,523 
669,562 
670,550 
671,494 
672,548 
673,518 
674,464 
675,533 
676,483 
677,430 
678,509 
679,443 
680,396 
681,463 
682,403 
683,357 
684,413 
685,357 
686,313 
687,363 
688,311 
689,288 
690,304 
691,255 
692,263 
693,237 
694,192 
695,214 
696,157 
697,123 
698,119 
699,71 
700,17 
400,7 
401,145 
402,211 
403,433 
404,361 
405,341 
406,518 
407,426 
408,378 
409,536 
410,449 
411,449 
412,548 
413,451 
414,547 
415,541 
416,446 
417,611 
418,513 
419,516 
420,620 
421,485 
422,598 
423,571 
424,492 
425,632 
426,535 
427,578 
428,638 
429,506 
430,649 
431,599 
432,572 
433,653 
434,558 
435,602 
436,650 
437,543 
438,682 
439,618 
440,604 
441,669 
442,568 
443,638 
444,661 
445,599 
446,702 
447,625 
448,621 
449,686 
450,581 
451,671 
452,676 
453,617 
454,710 
455,631 
456,649 
457,707 
458,586 
459,691 
460,687 
461,624 
462,715 
463,638 
464,679 
465,718 
466,591 
467,703 
468,706 
469,652 
470,715 
471,643 
472,695 
473,717 
474,593 
475,701 
476,714 
477,648 
478,707 
479,668 
480,685 
481,711 
482,611 
483,699 
484,714 
485,634 
486,706 
487,682 
488,673 
489,710 
490,624 
491,695 
492,706 
493,640 
494,704 
495,680 
496,648 
497,709 
498,646 
499,685 
500,702 
501,644 
502,700 
503,678 
504,650 
505,707 
506,667 
507,670 
508,696 
509,647 
510,693 
511,677 
512,652 
513,703 
514,666 
515,652 
516,693 
517,649 
518,681 
519,673 
520,652 
521,697 
522,665 
523,652 
524,687 
525,646 
526,651 
527,669 
528,651 
529,691 
530,661 
531,650 
532,681 
533,644 
534,649 
535,664 
536,647 
537,678 
538,656 
539,646 
540,672 
541,653 
542,646 
543,658 
544,639 
545,659 
546,670 
547,677 
548,710 
549,699 
550,738 
551,733 
552,725 
553,759 
554,737 
555,773 
556,764 
557,757 
558,788 
559,758 
560,784 
561,789 
562,767 
563,797 
564,792 
565,790 
566,806 
567,773 
568,802 
569,813 
570,783 
571,810 
572,816 
573,802 
574,816 
575,805 
576,810 
577,819 
578,787 
579,816 
580,822 
581,803 
582,820 
583,824 
584,812 
585,822 
586,811 
587,817 
588,824 
589,798 
590,819 
591,826 
592,793 
593,820 
594,823 
595,797 
596,819 
597,806 
598,809 
599,820 
600,792 
601,811 
602,817 
603,781 
604,814 
605,798 
606,785 
607,814 
608,779 
609,798 
610,806 
611,773 
612,802 
613,789 
614,764 
615,806 
616,770 
617,771 
618,791 
619,760 
620,785 
621,776 
622,750 
623,791 
624,758 
625,743 
626,774 
627,736 
628,748 
629,756 
630,727 
631,765 
632,743 
633,719 
634,742 
635,707 
636,711 
637,724 
638,686 
639,700 
640,710 
641,676 
642,695 
643,704 
644,666 
645,689 
646,684 
647,658 
648,682 
649,667 
650,649 
651,675 
652,655 
653,635 
654,665 
655,631 
656,620 
657,656 
658,607 
659,607 
660,645 
661,583 
662,595 
663,618 
664,556 
665,583 
666,588 
667,529 
668,569 
669,557 
670,502 
671,554 
672,525 
673,473 
674,541 
675,491 
676,441 
677,525 
678,453 
679,405 
680,473 
681,415 
682,369 
683,427 
684,372 
685,326 
686,373 
687,326 
688,306 
689,318 
690,275 
691,289 
692,254 
693,215 
694,236 
695,186 
696,143 
697,147 
698,107 
699,66 
700,18 
400,8 
401,120 
402,323 
403,312 
404,309 
405,481 
406,412 
407,366 
408,521 
409,433 
410,414 
411,541 
412,447 
413,529 
414,540 
415,447 
416,601 
417,517 
418,463 
419,618 
420,489 
421,574 
422,584 
423,470 
424,632 
425,543 
426,564 
427,636 
428,512 
429,612 
430,612 
431,553 
432,652 
433,563 
434,598 
435,649 
436,527 
437,666 
438,631 
439,598 
440,671 
441,576 
442,615 
443,662 
444,587 
445,697 
446,641 
447,617 
448,687 
449,584 
450,663 
451,674 
452,614 
453,707 
454,646 
455,626 
456,710 
457,591 
458,687 
459,687 
460,622 
461,714 
462,646 
463,674 
464,719 
465,593 
466,701 
467,707 
468,641 
469,715 
470,650 
471,691 
472,718 
473,600 
474,707 
475,714 
476,638 
477,707 
478,673 
479,683 
480,710 
481,615 
482,697 
483,713 
484,630 
485,706 
486,684 
487,671 
488,710 
489,627 
490,694 
491,707 
492,639 
493,704 
494,681 
495,647 
496,709 
497,645 
498,686 
499,703 
500,643 
501,699 
502,680 
503,650 
504,706 
505,668 
506,666 
507,700 
508,645 
509,692 
510,678 
511,653 
512,703 
513,666 
514,652 
515,697 
516,650 
517,681 
518,675 
519,652 
520,697 
521,664 
522,653 
523,688 
524,646 
525,656 
526,671 
527,650 
528,688 
529,663 
530,651 
531,682 
532,647 
533,649 
534,665 
535,647 
536,678 
537,658 
538,647 
539,671 
540,655 
541,647 
542,659 
543,641 
544,659 
545,652 
546,660 
547,697 
548,685 
549,711 
550,725 
551,718 
552,754 
553,729 
554,755 
555,761 
556,747 
557,783 
558,753 
559,779 
560,785 
561,765 
562,793 
563,789 
564,785 
565,804 
566,774 
567,799 
568,810 
569,782 
570,807 
571,815 
572,798 
573,814 
574,807 
575,809 
576,818 
577,787 
578,814 
579,821 
580,802 
581,819 
582,823 
583,812 
584,821 
585,812 
586,816 
587,823 
588,797 
589,821 
590,825 
591,798 
592,820 
593,823 
594,804 
595,819 
596,807 
597,808 
598,822 
599,793 
600,812 
601,820 
602,784 
603,814 
604,798 
605,790 
606,815 
607,784 
608,799 
609,806 
610,774 
611,804 
612,789 
613,766 
614,807 
615,771 
616,776 
617,793 
618,761 
619,788 
620,776 
621,752 
622,794 
623,761 
624,745 
625,774 
626,740 
627,759 
628,758 
629,731 
630,771 
631,740 
632,723 
633,745 
634,708 
635,715 
636,728 
637,694 
638,711 
639,710 
640,683 
641,699 
642,695 
643,674 
644,692 
645,679 
646,667 
647,687 
648,662 
649,658 
650,682 
651,650 
652,649 
653,673 
654,626 
655,637 
656,663 
657,603 
658,625 
659,638 
660,578 
661,614 
662,611 
663,554 
664,601 
665,584 
666,528 
667,588 
668,554 
669,500 
670,575 
671,523 
672,473 
673,562 
674,492 
675,443 
676,519 
677,456 
678,418 
679,476 
680,420 
681,398 
682,433 
683,379 
684,372 
685,384 
686,333 
687,355 
688,334 
689,285 
690,332 
691,275 
692,228 
693,261 
694,204 
695,170 
696,170 
697,129 
698,99 
699,73 
700,16 
