400,1
401,78
402,170
403,214
404,326
405,314
406,298
407,386
408,344
409,385
410,396
411,348
412,447
413,389
414,341
415,444
416,376
417,367
418,417
419,358
420,456
421,394
422,368
423,442
424,375
425,473
426,415
427,381
428,466
429,392
430,450
431,444
432,391
433,490
434,418
435,393
436,473
437,404
438,526
439,445
440,406
441,500
442,419
443,528
444,471
445,419
446,531
447,436
448,474
449,501
450,431
451,567
452,465
453,462
454,535
455,440
456,567
457,498
458,442
459,576
460,458
461,528
462,539
463,440
464,571
465,487
466,527
467,577
468,453
469,566
470,530
471,525
472,568
473,472
474,550
475,556
476,498
477,547
478,521
479,533
480,554
481,472
482,546
483,553
484,521
485,553
486,512
487,543
488,558
489,511
490,552
491,552
492,537
493,559
494,496
495,551
496,555
497,530
498,557
499,552
500,544
501,561
502,525
503,555
504,554
505,539
506,560
507,549
508,549
509,557
510,538
511,558
512,554
513,544
514,562
515,530
516,552
517,555
518,543
519,559
520,553
521,546
522,557
523,542
524,554
525,553
526,546
527,560
528,551
529,548
530,554
531,542
532,554
533,551
534,545
535,553
536,534
537,546
538,550
539,542
540,554
541,549
542,543
543,550
544,530
545,544
546,581
547,597
548,644
549,633
550,670
551,680
552,668
553,718
554,689
555,729
556,723
557,718
558,753
559,718
560,756
561,754
562,742
563,773
564,741
565,766
566,784
567,747
568,781
569,786
570,771
571,790
572,767
573,785
574,796
575,770
576,793
577,800
578,786
579,798
580,785
581,794
582,802
583,777
584,800
585,805
586,791
587,803
588,793
589,798
590,805
591,782
592,800
593,805
594,781
595,801
596,794
597,790
598,802
599,779
600,795
601,800
602,771
603,798
604,782
605,783
606,799
607,769
608,789
609,784
610,762
611,793
612,769
613,773
614,785
615,757
616,782
617,771
618,751
619,786
620,748
621,760
622,768
623,742
624,772
625,756
626,738
627,762
628,726
629,742
630,749
631,722
632,750
633,728
634,718
635,735
636,694
637,715
638,724
639,690
640,710
641,708
642,686
643,706
644,687
645,681
646,702
647,667
648,675
649,697
650,653
651,669
652,692
653,628
654,660
655,669
656,601
657,653
658,638
659,579
660,646
661,609
662,575
663,641
664,576
665,572
666,617
667,544
668,567
669,579
670,512
671,561
672,541
673,479
674,555
675,503
676,444
677,534
678,461
679,406
680,486
681,420
682,387
683,434
684,374
685,387
686,379
687,327
688,386
689,321
690,275
691,319
692,256
693,215
694,235
695,188
696,144
697,147
698,109
699,66
700,14
400,7
401,86
402,209
403,243
404,251
405,347
406,325
407,411
408,375
409,332
410,441
411,377
412,333
413,428
414,369
415,366
416,412
417,356
418,454
419,389
420,362
421,434
422,369
423,469
424,411
425,373
426,456
427,389
428,450
429,434
430,387
431,483
432,409
433,390
434,469
435,399
436,518
437,435
438,401
439,493
440,413
441,519
442,467
443,415
444,522
445,435
446,463
447,495
448,427
449,564
450,463
451,442
452,526
453,440
454,561
455,492
456,430
457,576
458,452
459,521
460,528
461,439
462,573
463,479
464,520
465,576
466,451
467,568
468,521
469,517
470,571
471,467
472,549
473,569
474,516
475,548
476,516
477,530
478,552
479,471
480,545
481,552
482,522
483,552
484,504
485,541
486,557
487,509
488,551
489,551
490,535
491,558
492,494
493,549
494,554
495,527
496,556
497,551
498,543
499,560
500,521
501,554
502,554
503,538
504,559
505,545
506,548
507,557
508,535
509,556
510,553
511,543
512,562
513,525
514,552
515,555
516,543
517,559
518,552
519,546
520,557
521,539
522,554
523,553
524,545
525,560
526,551
527,547
528,554
529,544
530,555
531,551
532,545
533,555
534,540
535,546
536,551
537,543
538,554
539,549
540,544
541,550
542,533
543,545
544,548
545,540
546,586
547,587
548,616
549,654
550,647
551,696
552,671
553,703
554,712
555,692
556,744
557,709
558,746
559,741
560,733
561,768
562,732
563,760
564,778
565,740
566,776
567,766
568,757
569,775
570,748
571,772
572,785
573,759
574,783
575,789
576,776
577,789
578,769
579,785
580,793
581,770
582,791
583,797
584,783
585,794
586,783
587,792
588,796
589,765
590,787
591,799
592,781
593,796
594,788
595,785
596,797
597,773
598,790
599,796
600,765
601,792
602,778
603,777
604,793
605,763
606,784
607,779
608,755
609,787
610,765
611,768
612,782
613,751
614,777
615,765
616,744
617,780
618,746
619,754
620,764
621,736
622,766
623,751
624,730
625,759
626,723
627,734
628,744
629,715
630,750
631,728
632,711
633,731
634,692
635,707
636,718
637,686
638,705
639,692
640,679
641,697
642,673
643,674
644,692
645,654
646,668
647,687
648,630
649,659
650,681
651,615
652,655
653,656
654,596
655,647
656,625
657,588
658,639
659,594
660,580
661,632
662,567
663,576
664,607
665,539
666,569
667,571
668,507
669,562
670,535
671,473
672,557
673,498
674,439
675,529
676,460
677,413
678,482
679,419
680,417
681,437
682,379
683,414
684,391
685,333
686,403
687,338
688,287
689,336
690,282
691,236
692,266
693,220
694,177
695,194
696,145
697,131
698,109
699,65
700,15
400,6
401,86
402,152
403,253
404,262
405,378
406,342
407,310
408,407
409,352
410,319
411,410
412,355
413,355
414,401
415,348
416,448
417,382
418,349
419,429
420,361
421,427
422,401
423,360
424,450
425,379
426,386
427,431
428,374
429,474
430,404
431,382
432,458
433,383
434,509
435,431
436,392
437,482
438,404
439,466
440,466
441,406
442,519
443,431
444,418
445,493
446,419
447,552
448,459
449,412
450,528
451,433
452,527
453,497
454,425
455,568
456,455
457,502
458,526
459,434
460,568
461,484
462,499
463,574
464,449
465,550
466,533
467,489
468,570
469,477
470,540
471,570
472,488
473,560
474,519
475,525
476,550
477,467
478,540
479,555
480,511
481,549
482,520
483,536
484,555
485,496
486,548
487,552
488,529
489,555
490,507
491,545
492,556
493,521
494,554
495,551
496,540
497,559
498,510
499,552
500,555
501,534
502,558
503,551
504,544
505,558
506,530
507,555
508,553
509,541
510,560
511,542
512,549
513,555
514,540
515,557
516,552
517,545
518,558
519,537
520,551
521,554
522,545
523,559
524,551
525,546
526,555
527,541
528,553
529,552
530,546
531,556
532,550
533,546
534,551
535,542
536,553
537,549
538,543
539,550
540,531
541,544
542,548
543,539
544,550
545,546
546,569
547,610
548,614
549,666
550,651
551,655
552,694
553,675
554,726
555,690
556,719
557,733
558,706
559,755
560,718
561,747
562,766
563,730
564,766
565,766
566,756
567,778
568,748
569,773
570,786
571,757
572,784
573,791
574,776
575,791
576,770
577,787
578,796
579,772
580,794
581,799
582,787
583,798
584,785
585,794
586,801
587,776
588,798
589,802
590,788
591,800
592,790
593,792
594,800
595,778
596,794
597,800
598,770
599,796
600,784
601,783
602,798
603,769
604,789
605,788
606,762
607,792
608,772
609,772
610,793
611,759
612,782
613,774
614,753
615,786
616,757
617,760
618,773
619,746
620,772
621,760
622,739
623,771
624,735
625,742
626,755
627,727
628,760
629,743
630,723
631,745
632,707
633,719
634,733
635,703
636,725
637,706
638,698
639,710
640,679
641,693
642,706
643,661
644,688
645,703
646,645
647,683
648,690
649,639
650,678
651,672
652,633
653,672
654,643
655,623
656,664
657,614
658,616
659,657
660,585
661,609
662,626
663,556
664,603
665,591
666,526
667,596
668,557
669,495
670,590
671,521
672,477
673,558
674,485
675,475
676,514
677,446
678,473
679,467
680,407
681,470
682,421
683,365
684,441
685,371
686,319
687,382
688,320
689,271
690,318
691,262
692,216
693,245
694,195
695,229
696,160
697,124
698,123
699,70
700,15
400,6
401,97
402,170
403,292
404,292
405,286
406,387
407,344
408,315
409,394
410,352
411,375
412,395
413,345
414,449
415,386
416,344
417,436
418,367
419,408
420,403
421,355
422,448
423,384
424,376
425,428
426,367
427,474
428,406
429,378
430,457
431,384
432,498
433,431
434,392
435,480
436,405
437,451
438,464
439,405
440,515
441,432
442,400
443,490
444,416
445,554
446,457
447,410
448,519
449,430
450,529
451,492
452,422
453,571
454,452
455,495
456,524
457,436
458,566
459,480
460,490
461,572
462,449
463,554
464,524
465,480
466,572
467,473
468,539
469,574
470,475
471,564
472,512
473,536
474,564
475,464
476,540
477,552
478,512
479,549
480,506
481,536
482,555
483,494
484,548
485,551
486,530
487,555
488,494
489,546
490,555
491,521
492,554
493,550
494,541
495,559
496,512
497,552
498,553
499,533
500,558
501,541
502,548
503,557
504,530
505,556
506,553
507,541
508,561
509,527
510,551
511,555
512,540
513,558
514,552
515,544
516,558
517,537
518,554
519,554
520,545
521,560
522,552
523,547
524,555
525,543
526,555
527,552
528,545
529,557
530,547
531,546
532,552
533,543
534,555
535,550
536,545
537,552
538,535
539,545
540,549
541,542
542,552
543,548
544,542
545,548
546,565
547,620
548,630
549,630
550,672
551,657
552,706
553,687
554,695
555,724
556,698
557,745
558,709
559,740
560,755
561,723
562,763
563,757
564,751
565,776
566,741
567,770
568,785
569,755
570,782
571,784
572,775
573,790
574,762
575,786
576,796
577,773
578,793
579,798
580,787
581,798
582,777
583,794
584,800
585,780
586,798
587,802
588,791
589,801
590,787
591,795
592,802
593,777
594,797
595,801
596,778
597,798
598,785
599,788
600,800
601,772
602,792
603,789
604,766
605,795
606,772
607,781
608,791
609,762
610,788
611,775
612,756
613,791
614,757
615,772
616,775
617,750
618,780
619,762
620,744
621,773
622,739
623,759
624,758
625,733
626,769
627,739
628,729
629,750
630,717
631,742
632,739
633,712
634,735
635,706
636,709
637,723
638,684
639,704
640,713
641,678
642,700
643,697
644,673
645,696
646,676
647,667
648,691
649,656
650,661
651,687
652,637
653,654
654,680
655,609
656,645
657,649
658,581
659,638
660,617
661,560
662,633
663,586
664,556
665,627
666,554
667,552
668,592
669,521
670,547
671,553
672,488
673,542
674,514
675,453
676,537
677,472
678,416
679,501
680,431
681,378
682,451
683,387
684,354
685,396
686,337
687,357
688,341
689,286
690,346
691,278
692,228
693,265
694,206
695,169
696,172
697,131
698,99
699,75
700,14
400,6
401,106
402,182
403,214
404,316
405,304
406,342
407,369
408,331
409,435
410,379
411,334
412,436
413,372
414,342
415,423
416,361
417,421
418,398
419,351
420,441
421,376
422,386
423,419
424,365
425,459
426,393
427,376
428,451
429,374
430,490
431,421
432,385
433,472
434,398
435,474
436,448
437,397
438,498
439,421
440,404
441,480
442,412
443,543
444,446
445,410
446,508
447,425
448,536
449,481
450,422
451,551
452,443
453,491
454,514
455,431
456,569
457,475
458,481
459,553
460,447
461,562
462,509
463,474
464,572
465,460
466,537
467,558
468,467
469,567
470,498
471,534
472,568
473,469
474,558
475,553
476,516
477,549
478,484
479,537
480,555
481,498
482,548
483,549
484,531
485,555
486,477
487,547
488,553
489,521
490,554
491,532
492,543
493,559
494,515
495,552
496,552
497,533
498,558
499,522
500,548
501,556
502,531
503,556
504,552
505,540
506,561
507,524
508,552
509,555
510,540
511,559
512,552
513,544
514,558
515,536
516,555
517,553
518,544
519,560
520,551
521,546
522,555
523,543
524,555
525,552
526,545
527,557
528,535
529,547
530,553
531,543
532,556
533,550
534,545
535,552
536,539
537,546
538,549
539,542
540,552
541,548
542,543
543,548
544,535
545,548
546,579
547,595
548,639
549,632
550,678
551,674
552,664
553,708
554,685
555,731
556,705
557,723
558,744
559,714
560,757
561,738
562,746
563,772
564,736
565,767
566,779
567,753
568,780
569,769
570,772
571,788
572,754
573,784
574,794
575,774
576,792
577,792
578,786
579,797
580,769
581,794
582,800
583,782
584,798
585,800
586,792
587,801
588,782
589,797
590,802
591,778
592,799
593,800
594,786
595,799
596,785
597,791
598,800
599,773
600,794
601,790
602,774
603,796
604,773
605,785
606,794
607,764
608,789
609,777
610,763
611,792
612,760
613,776
614,778
615,753
616,783
617,765
618,748
619,777
620,744
621,765
622,761
623,739
624,773
625,744
626,734
627,755
628,724
629,749
630,744
631,719
632,745
633,715
634,715
635,730
636,693
637,720
638,714
639,689
640,707
641,693
642,684
643,703
644,674
645,680
646,699
647,656
648,673
649,694
650,641
651,668
652,686
653,615
654,660
655,655
656,596
657,653
658,625
659,589
660,646
661,597
662,583
663,640
664,565
665,577
666,604
667,534
668,571
669,566
670,503
671,564
672,530
673,471
674,559
675,492
676,435
677,519
678,451
679,407
680,473
681,409
682,411
683,423
684,364
685,407
686,368
687,318
688,381
689,312
690,267
691,309
692,249
693,209
694,227
695,183
696,140
697,143
698,105
699,63
700,14
400,6
401,83
402,200
403,234
404,283
405,336
406,315
407,421
408,365
409,324
410,429
411,368
412,336
413,418
414,362
415,383
416,403
417,347
418,446
419,379
420,358
421,423
422,360
423,465
424,401
425,370
426,449
427,380
428,474
429,424
430,383
431,475
432,399
433,403
434,457
435,394
436,503
437,422
438,396
439,482
440,409
441,546
442,452
443,409
444,509
445,423
446,505
447,484
448,420
449,555
450,449
451,468
452,513
453,434
454,563
455,476
456,458
457,556
458,445
459,544
460,515
461,439
462,572
463,466
464,527
465,555
466,444
467,568
468,504
469,525
470,570
471,453
472,555
473,554
474,525
475,549
476,494
477,534
478,553
479,488
480,546
481,549
482,528
483,553
484,484
485,544
486,554
487,516
488,552
489,546
490,538
491,558
492,504
493,550
494,553
495,529
496,557
497,533
498,546
499,557
500,526
501,555
502,553
503,538
504,559
505,528
506,550
507,555
508,536
509,557
510,552
511,543
512,559
513,532
514,553
515,554
516,543
517,559
518,552
519,546
520,556
521,540
522,555
523,552
524,545
525,560
526,550
527,546
528,553
529,544
530,556
531,550
532,545
533,553
534,536
535,546
536,550
537,543
538,555
539,548
540,544
541,549
542,535
543,544
544,547
545,540
546,584
547,588
548,620
549,651
550,644
551,692
552,669
553,706
554,708
555,689
556,740
557,706
558,745
559,738
560,733
561,767
562,730
563,759
564,775
565,742
566,775
567,772
568,766
569,785
570,750
571,780
572,792
573,767
574,790
575,794
576,784
577,795
578,767
579,792
580,799
581,780
582,797
583,801
584,791
585,800
586,783
587,797
588,802
589,780
590,800
591,802
592,789
593,800
594,787
595,791
596,801
597,776
598,795
599,796
600,773
601,797
602,779
603,784
604,798
605,767
606,790
607,782
608,760
609,793
610,765
611,776
612,784
613,756
614,783
615,769
616,750
617,786
618,749
619,763
620,767
621,742
622,773
623,755
624,737
625,763
626,729
627,747
628,750
629,724
630,754
631,729
632,720
633,737
634,700
635,724
636,726
637,698
638,715
639,694
640,693
641,707
642,675
643,688
644,704
645,656
646,683
647,700
648,637
649,677
650,691
651,625
652,671
653,663
654,615
655,663
656,634
657,607
658,656
659,605
660,600
661,651
662,576
663,596
664,612
665,545
666,590
667,577
668,514
669,583
670,543
671,481
672,577
673,508
674,449
675,539
676,469
677,447
678,493
679,429
680,447
681,448
682,388
683,443
684,398
685,342
686,411
687,347
688,296
689,346
690,291
691,243
692,273
693,226
694,182
695,200
696,150
697,146
698,114
699,67
700,15
400,6
401,89
402,155
403,259
404,267
405,387
406,347
407,314
408,410
409,356
410,328
411,411
412,357
413,385
414,402
415,351
416,450
417,385
418,354
419,431
420,364
421,443
422,403
423,365
424,453
425,382
426,403
427,431
428,379
429,475
430,406
431,385
432,460
433,390
434,515
435,432
436,396
437,484
438,406
439,488
440,463
441,409
442,517
443,431
444,435
445,494
446,421
447,555
448,460
449,413
450,526
451,434
452,540
453,496
454,426
455,570
456,455
457,509
458,524
459,435
460,570
461,481
462,507
463,573
464,447
465,563
466,521
467,502
468,571
469,471
470,543
471,571
472,499
473,561
474,508
475,528
476,551
477,456
478,542
479,551
480,517
481,550
482,505
483,538
484,555
485,501
486,549
487,550
488,532
489,555
490,491
491,547
492,554
493,523
494,555
495,550
496,541
497,559
498,515
499,552
500,553
501,535
502,558
503,543
504,547
505,556
506,532
507,556
508,552
509,541
510,561
511,526
512,551
513,554
514,542
515,558
516,552
517,545
518,557
519,539
520,553
521,552
522,545
523,560
524,550
525,546
526,553
527,542
528,555
529,551
530,546
531,555
532,537
533,545
534,551
535,543
536,555
537,549
538,544
539,550
540,536
541,545
542,548
543,541
544,549
545,546
546,569
547,611
548,616
549,666
550,640
551,665
552,693
553,676
554,730
555,694
556,726
557,732
558,713
559,760
560,721
561,752
562,764
563,731
564,770
565,763
566,760
567,781
568,746
569,776
570,789
571,762
572,786
573,789
574,779
575,793
576,766
577,789
578,797
579,777
580,795
581,800
582,788
583,799
584,783
585,795
586,801
587,778
588,799
589,802
590,790
591,800
592,789
593,793
594,801
595,778
596,795
597,800
598,772
599,797
600,784
601,785
602,798
603,769
604,790
605,787
606,763
607,793
608,771
609,776
610,790
611,759
612,784
613,773
614,753
615,787
616,753
617,765
618,772
619,746
620,775
621,760
622,740
623,770
624,733
625,748
626,755
627,728
628,762
629,739
630,724
631,745
632,707
633,724
634,733
635,704
636,725
637,704
638,699
639,711
640,676
641,694
642,708
643,659
644,689
645,704
646,648
647,685
648,686
649,642
650,680
651,668
652,637
653,674
654,639
655,629
656,667
657,611
658,622
659,654
660,582
661,616
662,622
663,553
664,608
665,589
666,523
667,601
668,554
669,492
670,595
671,518
672,492
673,553
674,483
675,489
676,510
677,444
678,485
679,464
680,405
681,480
682,418
683,363
684,436
685,368
686,317
687,379
688,317
689,269
690,315
691,259
692,245
693,243
694,193
695,222
696,159
697,123
698,121
699,69
700,13
400,5
401,94
402,168
403,288
404,290
405,284
406,383
407,341
408,316
409,391
410,349
411,391
412,392
413,343
414,446
415,384
416,344
417,431
418,365
419,413
420,401
421,355
422,447
423,382
424,379
425,426
426,367
427,472
428,404
429,378
430,455
431,383
432,498
433,430
434,392
435,479
436,404
437,445
438,460
439,404
440,513
441,430
442,399
443,488
444,415
445,552
446,456
447,410
448,518
449,429
450,525
451,491
452,422
453,570
454,452
455,491
456,524
457,435
458,565
459,478
460,488
461,567
462,447
463,553
464,522
465,475
466,571
467,473
468,537
469,573
470,471
471,562
472,509
473,534
474,563
475,461
476,539
477,551
478,511
479,548
480,501
481,535
482,554
483,492
484,546
485,549
486,528
487,554
488,496
489,544
490,554
491,518
492,553
493,549
494,539
495,558
496,510
497,551
498,552
499,531
500,557
501,542
502,545
503,556
504,528
505,554
506,552
507,539
508,559
509,530
510,549
511,554
512,539
513,556
514,551
515,543
516,557
517,535
518,552
519,552
520,543
521,558
522,550
523,545
524,554
525,541
526,553
527,550
528,544
529,556
530,549
531,545
532,550
533,541
534,552
535,549
536,544
537,551
538,532
539,544
540,548
541,541
542,550
543,546
544,541
545,547
546,564
547,621
548,629
549,629
550,671
551,656
552,706
553,685
554,695
555,723
556,697
557,745
558,710
559,739
560,754
561,723
562,762
563,756
564,751
565,776
566,741
567,769
568,785
569,754
570,782
571,784
572,775
573,790
574,761
575,786
576,795
577,773
578,793
579,798
580,786
581,797
582,777
583,794
584,800
585,779
586,798
587,801
588,790
589,800
590,786
591,794
592,801
593,775
594,796
595,800
596,776
597,798
598,785
599,786
600,798
601,769
602,792
603,787
604,767
605,794
606,770
607,781
608,790
609,761
610,787
611,774
612,754
613,788
614,755
615,770
616,771
617,746
618,778
619,758
620,741
621,770
622,736
623,757
624,755
625,731
626,766
627,738
628,729
629,749
630,716
631,741
632,739
633,712
634,736
635,708
636,708
637,722
638,682
639,703
640,713
641,675
642,698
643,698
644,669
645,692
646,676
647,664
648,689
649,658
650,658
651,685
652,640
653,651
654,678
655,612
656,642
657,655
658,584
659,632
660,618
661,554
662,626
663,587
664,541
665,621
666,555
667,536
668,593
669,521
670,532
671,554
672,489
673,526
674,516
675,454
676,519
677,473
678,416
679,505
680,432
681,377
682,453
683,387
684,336
685,397
686,336
687,327
688,340
689,285
690,329
691,277
692,226
693,264
694,204
695,166
696,170
697,128
698,96
699,72
700,13
400,5
401,103
402,178
403,212
404,315
405,303
406,303
407,369
408,330
409,413
410,377
411,332
412,433
413,370
414,336
415,423
416,359
417,401
418,397
419,341
420,439
421,375
422,359
423,421
424,358
425,460
426,395
427,372
428,451
429,376
430,482
431,428
432,384
433,475
434,401
435,412
436,459
437,394
438,506
439,426
440,395
441,485
442,410
443,543
444,453
445,409
446,513
447,419
448,509
449,486
450,421
451,564
452,448
453,473
454,520
455,431
456,563
457,482
458,462
459,565
460,446
461,544
462,519
463,455
464,568
465,465
466,531
467,574
468,442
469,564
470,508
471,528
472,565
473,455
474,549
475,554
476,506
477,546
478,500
479,533
480,552
481,486
482,545
483,549
484,526
485,552
486,489
487,544
488,553
489,516
490,552
491,549
492,539
493,557
494,509
495,551
496,552
497,531
498,557
499,532
500,547
501,556
502,529
503,555
504,552
505,539
506,560
507,521
508,550
509,554
510,539
511,558
512,551
513,543
514,557
515,536
516,554
517,553
518,543
519,560
520,550
521,545
522,554
523,542
524,555
525,551
526,545
527,556
528,532
529,546
530,552
531,542
532,556
533,549
534,545
535,551
536,538
537,548
538,548
539,542
540,551
541,547
542,543
543,548
544,535
545,548
546,577
547,594
548,636
549,630
550,677
551,672
552,662
553,706
554,683
555,730
556,702
557,722
558,742
559,712
560,755
561,735
562,746
563,771
564,734
565,765
566,777
567,751
568,778
569,770
570,770
571,786
572,751
573,782
574,793
575,772
576,791
577,793
578,785
579,795
580,767
581,792
582,798
583,781
584,797
585,797
586,790
587,799
588,779
589,794
590,801
591,776
592,797
593,797
594,783
595,797
596,782
597,788
598,798
599,769
600,792
601,788
602,773
603,795
604,771
605,783
606,792
607,761
608,787
609,774
610,760
611,790
612,757
613,774
614,774
615,749
616,780
617,760
618,744
619,774
620,740
621,762
622,758
623,735
624,773
625,742
626,733
627,754
628,723
629,749
630,743
631,719
632,743
633,711
634,711
635,727
636,691
637,716
638,708
639,685
640,703
641,688
642,680
643,699
644,670
645,675
646,694
647,651
648,669
649,689
650,636
651,664
652,679
653,613
654,660
655,651
656,597
657,654
658,622
659,593
660,648
661,592
662,588
663,633
664,560
665,583
666,596
667,528
668,578
669,560
670,498
671,570
672,525
673,466
674,564
675,487
676,431
677,514
678,446
679,428
680,467
681,405
682,424
683,419
684,361
685,420
686,364
687,316
688,375
689,309
690,265
691,304
692,246
693,208
694,224
695,181
696,137
697,140
698,104
699,83
700,14
400,6
401,81
402,197
403,231
404,319
405,331
406,311
407,411
408,359
409,319
410,418
411,362
412,339
413,407
414,355
415,423
416,393
417,345
418,440
419,372
420,389
421,413
422,352
423,456
424,391
425,369
426,438
427,371
428,483
429,411
430,381
431,465
432,388
433,482
434,443
435,393
436,491
437,413
438,404
439,473
440,407
441,530
442,439
443,405
444,496
445,422
446,545
447,468
448,415
449,532
450,436
451,503
452,499
453,429
454,568
455,461
456,487
457,537
458,439
459,562
460,497
461,472
462,574
463,454
464,534
465,537
466,467
467,569
468,485
469,534
470,571
471,461
472,560
473,528
474,532
475,549
476,475
477,537
478,553
479,501
480,547
481,525
482,533
483,553
484,481
485,546
486,551
487,524
488,553
489,512
490,542
491,558
492,516
493,552
494,550
495,536
496,558
497,503
498,550
499,553
500,531
501,556
502,550
503,543
504,558
505,526
506,553
507,553
508,539
509,559
510,547
511,547
512,555
513,537
514,556
515,551
516,543
517,560
518,531
519,550
520,553
521,542
522,558
523,551
524,545
525,554
526,539
527,551
528,551
529,545
530,558
531,549
532,545
533,551
534,541
535,552
536,549
537,544
538,550
539,530
540,544
541,548
542,539
543,552
544,546
545,541
546,581
547,593
548,646
549,646
550,642
551,685
552,668
553,717
554,690
555,708
556,730
557,703
558,751
559,715
560,743
561,762
562,727
563,764
564,763
565,753
566,778
567,744
568,772
569,786
570,755
571,783
572,788
573,774
574,790
575,766
576,784
577,794
578,770
579,792
580,798
581,785
582,796
583,782
584,792
585,799
586,773
587,796
588,800
589,787
590,799
591,788
592,791
593,799
594,775
595,792
596,799
597,768
598,796
599,785
600,783
601,797
602,770
603,790
604,788
605,763
606,792
607,773
608,775
609,793
610,760
611,783
612,775
613,753
614,787
615,759
616,762
617,776
618,747
619,773
620,762
621,741
622,774
623,739
624,744
625,756
626,729
627,761
628,743
629,723
630,746
631,708
632,719
633,735
634,705
635,730
636,710
637,701
638,715
639,676
640,696
641,708
642,658
643,689
644,702
645,650
646,684
647,688
648,646
649,679
650,669
651,638
652,676
653,644
654,632
655,669
656,615
657,625
658,658
659,584
660,616
661,624
662,556
663,610
664,589
665,526
666,607
667,557
668,505
669,598
670,522
671,498
672,557
673,489
674,494
675,516
676,452
677,490
678,471
679,412
680,487
681,426
682,371
683,446
684,378
685,327
686,386
687,330
688,282
689,326
690,276
691,267
692,258
693,215
694,242
695,189
696,143
697,149
698,108
699,64
700,14
