400,1
401,40
402,164
403,204
404,221
405,328
406,301
407,274
408,364
409,315
410,305
411,369
412,319
413,391
414,363
415,314
416,414
417,348
418,335
419,391
420,328
421,431
422,367
423,348
424,426
425,348
426,439
427,398
428,362
429,446
430,373
431,392
432,429
433,373
434,479
435,400
436,382
437,460
438,386
439,525
440,433
441,394
442,491
443,403
444,482
445,473
446,406
447,537
448,432
449,447
450,502
451,419
452,553
453,466
454,429
455,541
456,433
457,536
458,504
459,422
460,570
461,458
462,521
463,549
464,435
465,564
466,496
467,521
468,574
469,448
470,557
471,548
472,521
473,566
474,484
475,540
476,559
477,485
478,551
479,554
480,532
481,558
482,482
483,548
484,559
485,514
486,557
487,544
488,543
489,562
490,501
491,555
492,557
493,530
494,561
495,525
496,551
497,560
498,527
499,559
500,555
501,539
502,564
503,512
504,555
505,558
506,539
507,563
508,554
509,544
510,562
511,535
512,558
513,555
514,545
515,564
516,553
517,547
518,557
519,544
520,560
521,554
522,547
523,560
524,538
525,551
526,554
527,545
528,560
529,552
530,547
531,555
532,540
533,552
534,551
535,545
536,555
537,550
538,545
539,551
540,541
541,553
542,549
543,543
544,550
545,528
546,567
547,602
548,607
549,648
550,633
551,670
552,675
553,662
554,706
555,679
556,717
557,712
558,710
559,737
560,705
561,740
562,741
563,727
564,755
565,725
566,749
567,766
568,731
569,762
570,770
571,752
572,771
573,752
574,766
575,777
576,746
577,774
578,782
579,765
580,780
581,769
582,774
583,783
584,753
585,780
586,785
587,769
588,783
589,775
590,776
591,785
592,759
593,778
594,785
595,751
596,780
597,772
598,763
599,781
600,752
601,772
602,777
603,741
604,775
605,756
606,754
607,777
608,740
609,764
610,759
611,731
612,769
613,743
614,740
615,762
616,725
617,754
618,743
619,718
620,760
621,721
622,720
623,739
624,706
625,740
626,724
627,700
628,731
629,693
630,694
631,714
632,681
633,716
634,695
635,675
636,694
637,654
638,669
639,678
640,640
641,664
642,674
643,634
644,658
645,654
646,628
647,654
648,632
649,620
650,648
651,615
652,612
653,642
654,587
655,603
656,630
657,559
658,594
659,597
660,532
661,586
662,565
663,503
664,578
665,532
666,496
667,571
668,499
669,490
670,532
671,465
672,484
673,493
674,430
675,477
676,452
677,393
678,468
679,410
680,358
681,431
682,367
683,319
684,377
685,321
686,275
687,325
688,274
689,277
690,269
691,222
692,256
693,205
694,163
695,180
696,132
697,102
698,98
699,57
700,13
400,5
401,79
402,144
403,250
404,255
405,251
406,343
407,305
408,324
409,353
410,315
411,392
412,357
413,311
414,412
415,349
416,326
417,394
418,332
419,419
420,369
421,337
422,420
423,351
424,396
425,397
426,349
427,445
428,375
429,364
430,434
431,365
432,474
433,402
434,378
435,457
436,376
437,493
438,433
439,390
440,489
441,403
442,449
443,469
444,402
445,536
446,432
447,405
448,498
449,415
450,549
451,467
452,411
453,543
454,429
455,513
456,506
457,424
458,565
459,459
460,502
461,551
462,436
463,562
464,501
465,493
466,573
467,456
468,544
469,561
470,490
471,566
472,493
473,543
474,568
475,461
476,547
477,555
478,523
479,556
480,488
481,544
482,560
483,503
484,554
485,552
486,537
487,560
488,485
489,552
490,557
491,526
492,560
493,539
494,546
495,564
496,518
497,557
498,555
499,536
500,563
501,525
502,552
503,559
504,534
505,561
506,554
507,543
508,565
509,528
510,556
511,557
512,543
513,562
514,554
515,546
516,560
517,541
518,558
519,554
520,546
521,564
522,544
523,548
524,556
525,545
526,559
527,552
528,547
529,558
530,541
531,547
532,553
533,545
534,559
535,550
536,546
537,553
538,539
539,550
540,550
541,544
542,552
543,549
544,544
545,549
546,563
547,612
548,614
549,621
550,656
551,645
552,695
553,660
554,688
555,705
556,684
557,731
558,696
559,728
560,735
561,709
562,748
563,732
564,738
565,760
566,725
567,755
568,769
569,743
570,767
571,760
572,761
573,774
574,738
575,771
576,779
577,760
578,777
579,776
580,771
581,782
582,752
583,779
584,784
585,765
586,782
587,780
588,775
589,784
590,761
591,779
592,785
593,753
594,780
595,783
596,762
597,782
598,761
599,770
600,783
601,747
602,775
603,765
604,750
605,778
606,746
607,763
608,769
609,736
610,769
611,751
612,734
613,772
614,732
615,752
616,751
617,722
618,760
619,736
620,715
621,749
622,712
623,738
624,732
625,705
626,745
627,710
628,698
629,723
630,687
631,719
632,709
633,681
634,707
635,674
636,676
637,690
638,650
639,669
640,679
641,643
642,665
643,660
644,637
645,660
646,640
647,631
648,654
649,618
650,625
651,650
652,600
653,616
654,642
655,573
656,606
657,613
658,545
659,598
660,580
661,521
662,591
663,548
664,516
665,585
666,516
667,509
668,550
669,483
670,504
671,511
672,450
673,497
674,472
675,415
676,490
677,431
678,378
679,456
680,391
681,342
682,407
683,347
684,317
685,354
686,300
687,317
688,301
689,252
690,304
691,243
692,199
693,228
694,177
695,145
696,145
697,110
698,81
699,61
700,13
400,5
401,89
402,159
403,191
404,287
405,277
406,273
407,342
408,304
409,386
410,351
411,307
412,409
413,346
414,315
415,400
416,335
417,389
418,374
419,324
420,419
421,352
422,362
423,400
424,339
425,439
426,374
427,362
428,435
429,354
430,473
431,404
432,371
433,457
434,380
435,441
436,438
437,383
438,490
439,407
440,388
441,470
442,398
443,541
444,435
445,402
446,501
447,411
448,518
449,475
450,413
451,547
452,432
453,489
454,506
455,422
456,563
457,463
458,484
459,547
460,436
461,562
462,500
463,476
464,570
465,453
466,538
467,558
468,464
469,567
470,494
471,537
472,570
473,454
474,560
475,559
476,515
477,554
478,493
479,541
480,559
481,494
482,552
483,553
484,532
485,559
486,486
487,549
488,559
489,520
490,558
491,547
492,544
493,563
494,513
495,555
496,555
497,534
498,562
499,529
500,550
501,560
502,532
503,559
504,554
505,541
506,564
507,523
508,554
509,556
510,541
511,562
512,553
513,545
514,559
515,539
516,558
517,554
518,544
519,564
520,548
521,546
522,556
523,544
524,559
525,553
526,546
527,557
528,538
529,550
530,553
531,544
532,559
533,550
534,545
535,553
536,540
537,551
538,550
539,543
540,553
541,549
542,544
543,549
544,537
545,551
546,574
547,589
548,627
549,622
550,668
551,661
552,657
553,692
554,671
555,717
556,680
557,711
558,727
559,699
560,742
561,712
562,733
563,756
564,720
565,752
566,760
567,740
568,764
569,745
570,757
571,772
572,738
573,769
574,777
575,760
576,776
577,766
578,771
579,781
580,747
581,777
582,784
583,767
584,782
585,777
586,776
587,784
588,758
589,780
590,786
591,763
592,782
593,777
594,770
595,783
596,759
597,775
598,784
599,747
600,778
601,765
602,759
603,779
604,747
605,768
606,769
607,738
608,773
609,751
610,748
611,775
612,734
613,760
614,752
615,725
616,766
617,732
618,733
619,750
620,718
621,750
622,734
623,711
624,746
625,705
626,712
627,727
628,696
629,733
630,714
631,690
632,715
633,674
634,685
635,700
636,666
637,688
638,669
639,659
640,674
641,649
642,654
643,670
644,630
645,648
646,665
647,611
648,641
649,659
650,596
651,636
652,638
653,584
654,627
655,607
656,574
657,620
658,578
659,565
660,613
661,548
662,559
663,584
664,517
665,551
666,550
667,486
668,543
669,514
670,456
671,534
672,479
673,425
674,510
675,443
676,406
677,466
678,403
679,402
680,421
681,363
682,399
683,373
684,320
685,391
686,321
687,277
688,327
689,270
690,231
691,262
692,212
693,178
694,190
695,154
696,133
697,117
698,86
699,67
700,12
400,5
401,69
402,172
403,204
404,292
405,300
406,281
407,380
408,329
409,291
410,391
411,334
412,315
413,383
414,329
415,392
416,368
417,320
418,417
419,347
420,367
421,391
422,328
423,434
424,370
425,354
426,423
427,350
428,464
429,395
430,368
431,450
432,370
433,454
434,430
435,379
436,477
437,396
438,384
439,461
440,393
441,520
442,427
443,396
444,487
445,408
446,527
447,460
448,407
449,527
450,425
451,482
452,492
453,418
454,558
455,453
456,476
457,533
458,429
459,553
460,494
461,465
462,568
463,446
464,530
465,538
466,448
467,565
468,486
469,530
470,569
471,441
472,559
473,532
474,531
475,552
476,477
477,539
478,556
479,498
480,549
481,533
482,533
483,555
484,466
485,546
486,550
487,521
488,555
489,517
490,543
491,560
492,512
493,553
494,551
495,532
496,559
497,506
498,549
499,555
500,528
501,557
502,549
503,538
504,559
505,522
506,553
507,552
508,537
509,561
510,551
511,546
512,558
513,537
514,558
515,553
516,544
517,563
518,532
519,550
520,554
521,542
522,559
523,551
524,545
525,556
526,537
527,550
528,551
529,544
530,558
531,548
532,542
533,549
534,534
535,548
536,543
537,538
538,549
539,539
540,542
541,547
542,537
543,550
544,545
545,539
546,575
547,583
548,631
549,634
550,631
551,671
552,654
553,698
554,683
555,688
556,716
557,689
558,732
559,699
560,724
561,748
562,713
563,746
564,750
565,734
566,760
567,733
568,754
569,769
570,734
571,766
572,775
573,757
574,774
575,758
576,769
577,779
578,749
579,776
580,783
581,768
582,781
583,771
584,776
585,784
586,756
587,781
588,786
589,769
590,784
591,775
592,774
593,784
594,758
595,776
596,784
597,749
598,778
599,768
600,763
601,780
602,751
603,770
604,773
605,740
606,774
607,754
608,752
609,776
610,738
611,763
612,755
613,729
614,768
615,737
616,737
617,756
618,723
619,752
620,739
621,715
622,755
623,715
624,718
625,733
626,703
627,738
628,720
629,697
630,724
631,684
632,692
633,708
634,676
635,703
636,682
637,671
638,685
639,645
640,664
641,677
642,629
643,659
644,672
645,622
646,654
647,656
648,614
649,648
650,639
651,608
652,643
653,611
654,598
655,635
656,582
657,590
658,623
659,553
660,582
661,590
662,525
663,576
664,555
665,495
666,569
667,521
668,473
669,561
670,489
671,466
672,519
673,454
674,461
675,478
676,419
677,455
678,434
679,379
680,448
681,392
682,341
683,409
684,346
685,298
686,350
687,299
688,255
689,292
690,248
691,238
692,228
693,191
694,212
695,165
696,125
697,128
698,93
699,56
700,14
400,6
401,75
402,197
403,224
404,234
405,335
406,307
407,278
408,365
409,317
410,338
411,369
412,320
413,412
414,362
415,314
416,416
417,346
418,357
419,388
420,326
421,429
422,364
423,351
424,421
425,345
426,455
427,392
428,365
429,444
430,369
431,437
432,422
433,375
434,474
435,394
436,381
437,455
438,387
439,514
440,425
441,394
442,484
443,403
444,509
445,464
446,405
447,524
448,425
449,459
450,496
451,417
452,553
453,459
454,443
455,531
456,431
457,544
458,497
459,420
460,568
461,449
462,521
463,533
464,430
465,562
466,483
467,523
468,571
469,444
470,561
471,535
472,519
473,564
474,476
475,537
476,555
477,485
478,547
479,540
480,529
481,555
482,470
483,545
484,554
485,514
486,554
487,520
488,542
489,559
490,507
491,553
492,552
493,532
494,559
495,504
496,549
497,556
498,527
499,557
500,551
501,540
502,562
503,520
504,553
505,553
506,537
507,560
508,550
509,545
510,557
511,534
512,556
513,551
514,542
515,562
516,531
517,548
518,553
519,541
520,558
521,550
522,544
523,556
524,537
525,550
526,551
527,542
528,558
529,548
530,544
531,551
532,538
533,550
534,548
535,541
536,551
537,536
538,543
539,548
540,538
541,552
542,546
543,540
544,547
545,527
546,565
547,600
548,606
549,647
550,633
551,672
552,674
553,662
554,705
555,679
556,718
557,707
558,711
559,736
560,705
561,740
562,741
563,727
564,756
565,726
566,749
567,766
568,731
569,763
570,770
571,754
572,772
573,751
574,767
575,778
576,749
577,775
578,782
579,767
580,780
581,768
582,775
583,784
584,754
585,781
586,786
587,770
588,784
589,775
590,777
591,785
592,760
593,779
594,786
595,752
596,781
597,773
598,766
599,783
600,753
601,773
602,779
603,743
604,776
605,758
606,755
607,778
608,742
609,766
610,761
611,733
612,771
613,745
614,743
615,761
616,727
617,756
618,744
619,720
620,761
621,722
622,724
623,740
624,709
625,743
626,726
627,703
628,732
629,694
630,697
631,716
632,685
633,717
634,695
635,679
636,697
637,655
638,673
639,682
640,645
641,668
642,676
643,638
644,663
645,653
646,633
647,658
648,631
649,626
650,653
651,614
652,619
653,646
654,587
655,609
656,629
657,560
658,601
659,596
660,531
661,594
662,565
663,513
664,586
665,533
666,508
667,569
668,500
669,500
670,532
671,466
672,494
673,494
674,432
675,487
676,453
677,395
678,479
679,410
680,359
681,431
682,368
683,320
684,378
685,321
686,296
687,327
688,275
689,297
690,270
691,223
692,255
693,207
694,165
695,181
696,134
697,103
698,99
699,59
700,13
400,6
401,81
402,146
403,250
404,256
405,252
406,342
407,305
408,344
409,352
410,315
411,411
412,354
413,309
414,414
415,347
416,332
417,391
418,331
419,429
420,366
421,343
422,421
423,349
424,432
425,391
426,354
427,444
428,372
429,386
430,425
431,369
432,469
433,396
434,380
435,455
436,382
437,515
438,425
439,392
440,483
441,398
442,482
443,465
444,402
445,527
446,425
447,439
448,491
449,414
450,553
451,455
452,417
453,530
454,428
455,536
456,496
457,421
458,567
459,447
460,514
461,534
462,432
463,563
464,482
465,510
466,572
467,441
468,556
469,535
470,508
471,566
472,474
473,545
474,567
475,478
476,547
477,542
478,526
479,553
480,469
481,543
482,556
483,512
484,552
485,528
486,539
487,558
488,498
489,551
490,553
491,528
492,558
493,513
494,547
495,557
496,522
497,556
498,551
499,537
500,561
501,510
502,552
503,555
504,534
505,560
506,550
507,544
508,559
509,531
510,556
511,552
512,541
513,561
514,546
515,547
516,555
517,540
518,557
519,551
520,543
521,558
522,535
523,549
524,552
525,542
526,558
527,549
528,544
529,553
530,539
531,549
532,549
533,542
534,555
535,547
536,543
537,549
538,537
539,550
540,547
541,541
542,548
543,529
544,541
545,545
546,561
547,608
548,600
549,619
550,654
551,644
552,693
553,662
554,693
555,703
556,683
557,733
558,697
559,731
560,733
561,714
562,749
563,721
564,741
565,762
566,725
567,757
568,767
569,747
570,768
571,751
572,763
573,775
574,740
575,772
576,780
577,762
578,778
579,772
580,773
581,783
582,752
583,780
584,785
585,767
586,783
587,778
588,776
589,785
590,761
591,780
592,786
593,754
594,781
595,780
596,764
597,782
598,759
599,772
600,783
601,747
602,777
603,764
604,754
605,779
606,745
607,766
608,766
609,736
610,771
611,750
612,741
613,770
614,733
615,756
616,749
617,724
618,764
619,731
620,723
621,747
622,714
623,745
624,731
625,706
626,741
627,703
628,702
629,723
630,691
631,726
632,710
633,685
634,707
635,669
636,679
637,692
638,656
639,673
640,675
641,649
642,669
643,656
644,643
645,664
646,636
647,638
648,659
649,614
650,631
651,654
652,597
653,623
654,637
655,569
656,614
657,607
658,542
659,606
660,575
661,536
662,600
663,544
664,529
665,582
666,512
667,523
668,544
669,479
670,518
671,506
672,447
673,511
674,468
675,413
676,503
677,428
678,376
679,452
680,388
681,349
682,403
683,346
684,347
685,351
686,299
687,346
688,299
689,251
690,300
691,241
692,198
693,226
694,176
695,145
696,144
697,109
698,82
699,61
700,12
400,5
401,87
402,157
403,189
404,283
405,273
406,331
407,337
408,300
409,400
410,348
411,304
412,403
413,342
414,323
415,392
416,332
417,413
418,369
419,332
420,418
421,348
422,394
423,393
424,346
425,437
426,370
427,363
428,428
429,357
430,467
431,399
432,372
433,454
434,375
435,483
436,430
437,384
438,481
439,401
440,426
441,465
442,398
443,524
444,427
445,400
446,490
447,410
448,544
449,460
450,411
451,528
452,421
453,516
454,495
455,418
456,565
457,452
458,497
459,531
460,432
461,560
462,489
463,492
464,569
465,438
466,545
467,537
468,486
469,564
470,480
471,537
472,566
473,478
474,555
475,547
476,518
477,550
478,470
479,539
480,555
481,499
482,549
483,532
484,533
485,555
486,483
487,548
488,551
489,519
490,554
491,517
492,543
493,559
494,515
495,553
496,550
497,531
498,559
499,508
500,549
501,554
502,530
503,557
504,550
505,537
506,561
507,524
508,552
509,551
510,537
511,558
512,547
513,540
514,555
515,536
516,555
517,550
518,541
519,558
520,530
521,546
522,551
523,541
524,556
525,548
526,542
527,553
528,535
529,548
530,549
531,541
532,557
533,547
534,543
535,550
536,538
537,550
538,547
539,541
540,550
541,536
542,541
543,546
544,535
545,550
546,572
547,587
548,625
549,621
550,670
551,648
552,660
553,691
554,671
555,718
556,683
557,713
558,725
559,703
560,743
561,709
562,735
563,757
564,720
565,754
566,759
567,742
568,765
569,743
570,759
571,773
572,741
573,770
574,779
575,761
576,778
577,762
578,772
579,781
580,751
581,779
582,785
583,770
584,783
585,775
586,778
587,785
588,759
589,781
590,787
591,765
592,784
593,778
594,771
595,783
596,759
597,775
598,785
599,749
600,778
601,767
602,758
603,780
604,749
605,769
606,773
607,740
608,773
609,754
610,745
611,776
612,736
613,759
614,755
615,728
616,765
617,740
618,725
619,755
620,719
621,746
622,738
623,712
624,755
625,715
626,706
627,731
628,697
629,728
630,717
631,691
632,718
633,684
634,685
635,702
636,665
637,690
638,682
639,656
640,674
641,660
642,652
643,670
644,640
645,646
646,665
647,620
648,640
649,660
650,605
651,634
652,648
653,580
654,625
655,617
656,564
657,617
658,586
659,556
660,609
661,557
662,549
663,597
664,524
665,545
666,559
667,492
668,538
669,522
670,462
671,529
672,487
673,431
674,522
675,450
676,396
677,472
678,409
679,388
680,427
681,369
682,387
683,379
684,326
685,378
686,327
687,283
688,334
689,274
690,235
691,268
692,216
693,181
694,194
695,156
696,118
697,119
698,88
699,63
700,13
400,5
401,72
402,177
403,209
404,261
405,306
406,287
407,390
408,335
409,296
410,397
411,338
412,314
413,387
414,332
415,378
416,374
417,320
418,421
419,355
420,343
421,399
422,334
423,440
424,377
425,355
426,430
427,356
428,463
429,401
430,369
431,455
432,378
433,416
434,440
435,380
436,487
437,407
438,387
439,469
440,394
441,533
442,439
443,400
444,497
445,409
446,495
447,475
448,411
449,546
450,439
451,463
452,505
453,424
454,558
455,467
456,454
457,547
458,434
459,545
460,508
461,442
462,570
463,456
464,529
465,546
466,436
467,567
468,493
469,529
470,571
471,445
472,561
473,544
474,529
475,554
476,486
477,539
478,558
479,493
480,551
481,551
482,532
483,557
484,476
485,548
486,556
487,518
488,557
489,534
490,543
491,562
492,510
493,554
494,554
495,531
496,561
497,519
498,550
499,559
500,529
501,559
502,553
503,540
504,563
505,518
506,554
507,556
508,538
509,561
510,552
511,543
512,560
513,536
514,557
515,554
516,544
517,563
518,552
519,546
520,556
521,542
522,559
523,552
524,546
525,558
526,537
527,549
528,553
529,545
530,560
531,550
532,546
533,553
534,540
535,551
536,550
537,544
538,554
539,548
540,544
541,549
542,538
543,551
544,547
545,541
546,578
547,585
548,627
549,638
550,634
551,675
552,656
553,697
554,691
555,688
556,719
557,691
558,733
559,704
560,725
561,752
562,715
563,747
564,753
565,734
566,761
567,741
568,754
569,770
570,735
571,766
572,777
573,756
574,775
575,766
576,769
577,780
578,745
579,777
580,784
581,767
582,782
583,780
584,776
585,785
586,759
587,782
588,787
589,766
590,784
591,782
592,773
593,785
594,764
595,776
596,785
597,752
598,779
599,773
600,759
601,781
602,754
603,770
604,780
605,743
606,774
607,758
608,748
609,777
610,741
611,762
612,760
613,731
614,768
615,744
616,730
617,761
618,725
619,751
620,742
621,717
622,758
623,722
624,711
625,737
626,704
627,735
628,722
629,698
630,727
631,692
632,692
633,710
634,675
635,706
636,691
637,670
638,684
639,654
640,663
641,677
642,636
643,657
644,672
645,618
646,652
647,666
648,608
649,646
650,648
651,603
652,641
653,618
654,593
655,632
656,589
657,585
658,625
659,560
660,577
661,600
662,532
663,569
664,565
665,503
666,561
667,531
668,473
669,553
670,497
671,440
672,529
673,462
674,442
675,487
676,425
677,435
678,443
679,385
680,432
681,399
682,346
683,420
684,351
685,302
686,358
687,304
688,259
689,299
690,252
691,210
692,234
693,195
694,197
695,169
696,127
697,132
698,94
699,57
700,13
400,6
401,76
402,177
403,228
404,238
405,345
406,313
407,284
408,374
409,323
410,307
411,379
412,326
413,379
414,373
415,321
416,420
417,355
418,337
419,401
420,335
421,439
422,375
423,350
424,431
425,354
426,431
427,405
428,363
429,452
430,378
431,382
432,441
433,375
434,486
435,406
436,384
437,463
438,388
439,518
440,437
441,397
442,495
443,406
444,479
445,475
446,408
447,541
448,434
449,442
450,505
451,421
452,552
453,470
454,420
455,545
456,434
457,534
458,505
459,423
460,569
461,458
462,519
463,552
464,436
465,563
466,499
467,518
468,573
469,449
470,549
471,554
472,515
473,565
474,489
475,537
476,557
477,477
478,548
479,553
480,527
481,556
482,488
483,545
484,560
485,510
486,554
487,552
488,540
489,560
490,493
491,553
492,556
493,528
494,560
495,536
496,547
497,561
498,523
499,557
500,554
501,537
502,563
503,522
504,552
505,558
506,536
507,560
508,553
509,543
510,562
511,532
512,556
513,555
514,543
515,562
516,552
517,545
518,557
519,541
520,558
521,553
522,546
523,560
524,538
525,547
526,554
527,544
528,558
529,551
530,546
531,554
532,538
533,550
534,551
535,544
536,556
537,549
538,544
539,550
540,539
541,552
542,548
543,542
544,549
545,522
546,566
547,602
548,607
549,650
550,632
551,664
552,678
553,663
554,709
555,680
556,716
557,714
558,709
559,741
560,706
561,740
562,745
563,725
564,756
565,733
566,749
567,767
568,731
569,763
570,773
571,752
572,772
573,760
574,767
575,779
576,744
577,775
578,783
579,766
580,781
581,774
582,775
583,785
584,755
585,781
586,787
587,770
588,785
589,777
590,778
591,786
592,761
593,780
594,786
595,753
596,781
597,776
598,764
599,783
600,756
601,772
602,782
603,744
604,777
605,760
606,753
607,779
608,743
609,765
610,762
611,734
612,770
613,747
614,739
615,765
616,728
617,754
618,746
619,721
620,761
621,727
622,714
623,742
624,709
625,739
626,728
627,703
628,735
629,699
630,697
631,717
632,684
633,720
634,700
635,678
636,697
637,659
638,672
639,681
640,642
641,666
642,678
643,635
644,661
645,662
646,629
647,656
648,640
649,622
650,651
651,622
652,615
653,645
654,594
655,604
656,636
657,567
658,596
659,604
660,538
661,588
662,573
663,510
664,580
665,541
666,491
667,573
668,508
669,484
670,543
671,473
672,477
673,503
674,439
675,471
676,462
677,402
678,463
679,419
680,365
681,442
682,375
683,325
684,387
685,328
686,281
687,333
688,280
689,262
690,275
691,227
692,259
693,210
694,167
695,186
696,136
697,105
698,102
699,60
700,14
400,6
401,83
402,147
403,254
404,258
405,254
406,346
407,308
408,327
409,357
410,319
411,394
412,362
413,315
414,417
415,355
416,329
417,402
418,338
419,415
420,375
421,339
422,425
423,357
424,391
425,402
426,350
427,451
428,383
429,368
430,440
431,366
432,483
433,410
434,381
435,463
436,384
437,476
438,442
439,393
440,496
441,411
442,423
443,474
444,404
445,545
446,439
447,402
448,503
449,417
450,541
451,474
452,413
453,548
454,432
455,506
456,509
457,426
458,564
459,464
460,501
461,553
462,437
463,562
464,502
465,495
466,572
467,456
468,544
469,561
470,489
471,565
472,497
473,541
474,567
475,455
476,546
477,555
478,518
479,554
480,494
481,542
482,559
483,500
484,552
485,552
486,534
487,559
488,483
489,550
490,556
491,524
492,558
493,541
494,544
495,563
496,515
497,555
498,554
499,534
500,562
501,531
502,550
503,559
504,532
505,559
506,553
507,542
508,564
509,525
510,554
511,556
512,541
513,561
514,552
515,545
516,559
517,539
518,556
519,554
520,545
521,563
522,551
523,547
524,555
525,543
526,557
527,552
528,545
529,557
530,537
531,546
532,552
533,543
534,558
535,550
536,545
537,552
538,536
539,545
540,549
541,542
542,552
543,547
544,542
545,548
546,562
547,613
548,620
549,621
550,658
551,646
552,696
553,660
554,688
555,707
556,684
557,732
558,697
559,728
560,737
561,709
562,749
563,732
564,740
565,762
566,726
567,757
568,770
569,744
570,768
571,763
572,761
573,775
574,739
575,772
576,780
577,760
578,778
579,781
580,772
581,783
582,755
583,779
584,786
585,764
586,783
587,786
588,775
589,786
590,767
591,780
592,787
593,756
594,781
595,786
596,760
597,783
598,765
599,771
600,784
601,749
602,776
603,769
604,749
605,779
606,747
607,764
608,773
609,738
610,770
611,753
612,733
613,773
614,734
615,753
616,754
617,725
618,762
619,738
620,718
621,752
622,714
623,738
624,734
625,707
626,748
627,714
628,702
629,726
630,690
631,718
632,712
633,684
634,709
635,678
636,678
637,692
638,652
639,672
640,682
641,645
642,668
643,666
644,639
645,663
646,645
647,632
648,657
649,623
650,626
651,652
652,604
653,618
654,645
655,576
656,609
657,615
658,548
659,602
660,582
661,526
662,595
663,551
664,519
665,588
666,519
667,512
668,554
669,486
670,506
671,515
672,454
673,499
674,477
675,420
676,492
677,436
678,383
679,461
680,395
681,345
682,411
683,352
684,313
685,357
686,303
687,317
688,304
689,255
690,309
691,245
692,201
693,232
694,179
695,146
696,147
697,112
698,83
699,62
700,12
