400,1
401,52
402,117
403,158
404,259
405,257
406,248
407,329
408,294
409,351
410,345
411,302
412,398
413,341
414,299
415,398
416,332
417,350
418,371
419,316
420,410
421,350
422,335
423,399
424,335
425,433
426,372
427,349
428,426
429,352
430,445
431,403
432,360
433,450
434,379
435,370
436,437
437,372
438,484
439,406
440,376
441,463
442,387
443,513
444,434
445,390
446,495
447,402
448,465
449,469
450,403
451,538
452,433
453,438
454,504
455,412
456,537
457,467
458,424
459,549
460,427
461,506
462,509
463,414
464,545
465,457
466,504
467,553
468,426
469,542
470,500
471,502
472,545
473,445
474,528
475,536
476,478
477,527
478,496
479,511
480,534
481,454
482,525
483,531
484,500
485,533
486,482
487,522
488,538
489,490
490,531
491,530
492,514
493,538
494,473
495,528
496,533
497,506
498,536
499,529
500,522
501,540
502,502
503,533
504,532
505,515
506,539
507,518
508,527
509,534
510,515
511,535
512,530
513,520
514,540
515,507
516,529
517,532
518,520
519,537
520,529
521,522
522,534
523,518
524,530
525,529
526,521
527,537
528,527
529,523
530,531
531,518
532,530
533,527
534,521
535,531
536,513
537,522
538,527
539,517
540,530
541,525
542,519
543,526
544,505
545,520
546,553
547,568
548,613
549,603
550,637
551,650
552,639
553,686
554,658
555,696
556,694
557,687
558,724
559,690
560,726
561,725
562,713
563,744
564,709
565,737
566,756
567,719
568,752
569,758
570,743
571,762
572,739
573,757
574,769
575,740
576,766
577,773
578,757
579,771
580,759
581,767
582,775
583,747
584,772
585,778
586,763
587,776
588,767
589,770
590,778
591,753
592,773
593,779
594,750
595,773
596,768
597,760
598,775
599,749
600,766
601,773
602,739
603,769
604,753
605,752
606,771
607,737
608,760
609,755
610,729
611,764
612,740
613,739
614,757
615,723
616,751
617,739
618,716
619,756
620,717
621,723
622,735
623,706
624,739
625,721
626,700
627,728
628,689
629,702
630,713
631,683
632,715
633,691
634,678
635,696
636,654
637,672
638,682
639,645
640,667
641,667
642,641
643,662
644,646
645,635
646,657
647,626
648,628
649,652
650,610
651,622
652,646
653,584
654,613
655,623
656,556
657,604
658,593
659,529
660,596
661,563
662,525
663,589
664,530
665,520
666,567
667,498
668,512
669,529
670,467
671,504
672,492
673,434
674,497
675,453
676,399
677,480
678,412
679,361
680,432
681,372
682,332
683,383
684,327
685,331
686,328
687,283
688,330
689,275
690,235
691,270
692,216
693,181
694,195
695,156
696,119
697,120
698,88
699,53
700,13
400,6
401,70
402,175
403,207
404,218
405,305
406,286
407,341
408,335
409,295
410,398
411,339
412,298
413,393
414,334
415,317
416,377
417,321
418,414
419,354
420,326
421,406
422,335
423,410
424,378
425,338
426,422
427,358
428,373
429,406
430,353
431,452
432,380
433,362
434,438
435,365
436,490
437,407
438,372
439,464
440,382
441,459
442,445
443,386
444,499
445,411
446,412
447,470
448,399
449,528
450,441
451,393
452,506
453,412
454,511
455,474
456,405
457,545
458,433
459,486
460,512
461,416
462,542
463,464
464,485
465,549
466,427
467,534
468,510
469,481
470,544
471,453
472,521
473,545
474,481
475,525
476,518
477,503
478,530
479,446
480,520
481,532
482,489
483,528
484,504
485,514
486,534
487,473
488,527
489,530
490,500
491,534
492,495
493,523
494,535
495,497
496,532
497,529
498,511
499,537
500,485
501,527
502,533
503,510
504,535
505,528
506,517
507,540
508,504
509,531
510,531
511,517
512,538
513,527
514,520
515,533
516,516
517,533
518,528
519,521
520,536
521,511
522,525
523,530
524,520
525,534
526,527
527,521
528,531
529,516
530,526
531,527
532,519
533,534
534,525
535,520
536,527
537,516
538,526
539,525
540,518
541,527
542,515
543,519
544,523
545,513
546,559
547,578
548,586
549,624
550,617
551,668
552,636
553,665
554,685
555,663
556,714
557,678
558,712
559,716
560,697
561,736
562,705
563,727
564,751
565,713
566,746
567,754
568,734
569,757
570,740
571,751
572,766
573,732
574,763
575,771
576,754
577,769
578,759
579,765
580,774
581,744
582,770
583,777
584,760
585,775
586,770
587,770
588,777
589,753
590,773
591,779
592,752
593,775
594,771
595,759
596,775
597,753
598,766
599,776
600,742
601,770
602,760
603,747
604,771
605,743
606,758
607,764
608,733
609,764
610,747
611,732
612,766
613,729
614,748
615,747
616,720
617,755
618,733
619,714
620,745
621,711
622,734
623,729
624,704
625,742
626,707
627,699
628,721
629,688
630,717
631,708
632,683
633,706
634,672
635,677
636,691
637,656
638,676
639,672
640,649
641,667
642,653
643,643
644,662
645,633
646,637
647,657
648,612
649,631
650,653
651,596
652,624
653,639
654,570
655,614
656,608
657,544
658,606
659,577
660,537
661,599
662,547
663,533
664,585
665,516
666,525
667,547
668,484
669,518
670,511
671,450
672,512
673,475
674,417
675,504
676,436
677,382
678,459
679,394
680,360
681,411
682,354
683,357
684,361
685,309
686,349
687,312
688,264
689,311
690,258
691,215
692,240
693,198
694,158
695,171
696,128
697,100
698,94
699,56
700,13
400,5
401,75
402,137
403,232
404,240
405,293
406,319
407,288
408,387
409,329
410,296
411,389
412,332
413,309
414,379
415,325
416,386
417,360
418,317
419,406
420,339
421,362
422,382
423,329
424,426
425,360
426,345
427,417
428,343
429,452
430,385
431,359
432,435
433,364
434,443
435,416
436,370
437,464
438,388
439,372
440,448
441,384
442,509
443,418
444,382
445,479
446,396
447,502
448,452
449,393
450,519
451,415
452,464
453,484
454,406
455,538
456,447
457,455
458,522
459,416
460,538
461,480
462,450
463,547
464,435
465,509
466,529
467,436
468,543
469,473
470,510
471,546
472,426
473,535
474,527
475,492
476,527
477,467
478,514
479,532
480,470
481,525
482,527
483,507
484,531
485,457
486,522
487,531
488,493
489,531
490,511
491,518
492,536
493,487
494,529
495,529
496,507
497,535
498,501
499,523
500,533
501,504
502,533
503,528
504,513
505,537
506,495
507,528
508,531
509,514
510,535
511,527
512,519
513,534
514,512
515,530
516,529
517,518
518,536
519,526
520,520
521,530
522,518
523,532
524,526
525,520
526,532
527,511
528,520
529,527
530,519
531,532
532,524
533,519
534,527
535,513
536,524
537,524
538,517
539,527
540,522
541,518
542,523
543,512
544,523
545,521
546,541
547,584
548,584
549,631
550,632
551,626
552,669
553,649
554,693
555,675
556,686
557,711
558,682
559,727
560,701
561,716
562,744
563,705
564,739
565,747
566,726
567,752
568,735
569,746
570,762
571,727
572,758
573,769
574,748
575,766
576,760
577,761
578,772
579,740
580,768
581,776
582,758
583,774
584,772
585,767
586,777
587,754
588,772
589,778
590,757
591,775
592,773
593,763
594,776
595,759
596,767
597,776
598,745
599,770
600,764
601,750
602,772
603,746
604,759
605,771
606,736
607,765
608,750
609,737
610,768
611,732
612,751
613,751
614,724
615,757
616,736
617,721
618,751
619,717
620,739
621,734
622,709
623,748
624,714
625,703
626,728
627,695
628,723
629,714
630,689
631,716
632,684
633,683
634,700
635,665
636,692
637,683
638,660
639,672
640,654
641,653
642,669
643,635
644,648
645,664
646,615
647,642
648,659
649,596
650,636
651,644
652,585
653,629
654,612
655,575
656,620
657,582
658,567
659,613
660,553
661,559
662,594
663,524
664,550
665,559
666,493
667,542
668,523
669,462
670,536
671,487
672,431
673,522
674,451
675,413
676,477
677,411
678,409
679,430
680,373
681,406
682,383
683,331
684,398
685,334
686,286
687,344
688,285
689,241
690,282
691,230
692,190
693,214
694,168
695,159
696,137
697,105
698,104
699,58
700,13
400,5
401,82
402,148
403,255
404,261
405,257
406,355
407,313
408,282
409,364
410,323
411,304
412,367
413,318
414,382
415,359
416,309
417,405
418,340
419,341
420,379
421,323
422,419
423,361
424,342
425,411
426,341
427,440
428,387
429,351
430,433
431,365
432,392
433,419
434,366
435,463
436,390
437,368
438,445
439,379
440,508
441,420
442,380
443,475
444,388
445,475
446,454
447,391
448,516
449,417
450,437
451,483
452,403
453,533
454,448
455,420
456,523
457,416
458,515
459,484
460,408
461,545
462,438
463,499
464,525
465,414
466,542
467,474
468,498
469,546
470,425
471,533
472,520
473,497
474,537
475,469
476,510
477,529
478,461
479,522
480,520
481,502
482,528
483,454
484,518
485,528
486,486
487,527
488,510
489,511
490,530
491,474
492,522
493,522
494,504
495,538
496,503
497,527
498,538
499,506
500,536
501,532
502,517
503,541
504,491
505,531
506,535
507,517
508,538
509,531
510,521
511,537
512,513
513,531
514,534
515,521
516,540
517,532
518,526
519,536
520,522
521,537
522,533
523,526
524,539
525,516
526,526
527,533
528,523
529,538
530,530
531,526
532,534
533,520
534,530
535,531
536,525
537,536
538,530
539,526
540,531
541,521
542,531
543,529
544,522
545,530
546,538
547,572
548,608
549,608
550,651
551,632
552,672
553,674
554,658
555,705
556,676
557,715
558,705
559,708
560,737
561,701
562,734
563,741
564,720
565,750
566,729
567,743
568,761
569,726
570,757
571,768
572,747
573,766
574,755
575,761
576,772
577,740
578,769
579,776
580,760
581,775
582,770
583,770
584,778
585,751
586,775
587,781
588,762
589,778
590,774
591,769
592,779
593,757
594,771
595,779
596,748
597,773
598,769
599,755
600,776
601,750
602,765
603,773
604,739
605,769
606,754
607,746
608,771
609,737
610,757
611,755
612,728
613,762
614,741
615,729
616,757
617,722
618,746
619,739
620,714
621,753
622,720
623,708
624,734
625,701
626,731
627,720
628,696
629,726
630,691
631,690
632,709
633,674
634,707
635,691
636,670
637,687
638,649
639,662
640,675
641,631
642,658
643,671
644,621
645,652
646,659
647,615
648,646
649,637
650,608
651,641
652,617
653,599
654,633
655,589
656,588
657,625
658,560
659,580
660,599
661,533
662,572
663,566
664,503
665,566
666,533
667,473
668,558
669,499
670,456
671,532
672,465
673,452
674,491
675,429
676,445
677,447
678,389
679,439
680,405
681,352
682,428
683,360
684,311
685,370
686,310
687,270
688,313
689,260
690,223
691,252
692,205
693,223
694,183
695,148
696,151
697,113
698,84
699,64
700,13
400,6
401,97
402,163
403,195
404,299
405,284
406,269
407,354
408,313
409,292
410,365
411,316
412,364
413,358
414,311
415,408
416,347
417,321
418,390
419,328
420,408
421,366
422,332
423,414
424,347
425,383
426,389
427,346
428,437
429,366
430,355
431,427
432,358
433,467
434,395
435,367
436,449
437,368
438,482
439,426
440,379
441,480
442,393
443,444
444,455
445,393
446,522
447,419
448,409
449,486
450,407
451,532
452,453
453,400
454,529
455,414
456,505
457,491
458,410
459,547
460,448
461,491
462,536
463,421
464,544
465,482
466,489
467,554
468,438
469,527
470,544
471,483
472,546
473,478
474,524
475,537
476,442
477,527
478,534
479,502
480,534
481,478
482,523
483,540
484,484
485,533
486,533
487,516
488,540
489,470
490,530
491,538
492,506
493,539
494,533
495,525
496,543
497,498
498,536
499,536
500,517
501,542
502,520
503,531
504,540
505,514
506,540
507,535
508,523
509,544
510,506
511,534
512,537
513,522
514,542
515,534
516,527
517,541
518,519
519,537
520,535
521,526
522,543
523,533
524,528
525,536
526,524
527,537
528,533
529,528
530,539
531,524
532,528
533,534
534,525
535,538
536,532
537,527
538,533
539,516
540,527
541,531
542,522
543,533
544,529
545,524
546,560
547,572
548,623
549,619
550,619
551,658
552,644
553,695
554,658
555,688
556,704
557,679
558,729
559,693
560,722
561,736
562,705
563,742
564,738
565,733
566,756
567,719
568,750
569,765
570,736
571,761
572,764
573,754
574,769
575,739
576,766
577,774
578,751
579,772
580,777
581,766
582,776
583,757
584,772
585,780
586,755
587,776
588,781
589,767
590,779
591,765
592,772
593,780
594,751
595,772
596,780
597,749
598,775
599,759
600,762
601,776
602,744
603,768
604,763
605,735
606,771
607,745
608,753
609,765
610,733
611,762
612,747
613,725
614,766
615,727
616,743
617,746
618,718
619,753
620,732
621,712
622,744
623,708
624,726
625,727
626,701
627,739
628,708
629,694
630,717
631,681
632,704
633,704
634,675
635,699
636,670
637,670
638,682
639,636
640,663
641,675
642,632
643,658
644,667
645,626
646,654
647,645
648,618
649,648
650,628
651,613
652,642
653,600
654,603
655,635
656,572
657,594
658,610
659,543
660,586
661,579
662,516
663,579
664,544
665,491
666,572
667,512
668,485
669,548
670,481
671,475
672,510
673,447
674,469
675,470
676,411
677,463
678,427
679,372
680,452
681,384
682,334
683,398
684,338
685,290
686,341
687,292
688,271
689,285
690,243
691,267
692,223
693,186
694,205
695,161
696,122
697,124
698,90
699,55
700,13
400,5
401,71
402,185
403,215
404,226
405,321
406,298
407,274
408,352
409,307
410,348
411,356
412,311
413,407
414,350
415,305
416,403
417,336
418,358
419,374
420,316
421,416
422,353
423,340
424,405
425,334
426,439
427,378
428,353
429,428
430,356
431,451
432,404
433,363
434,457
435,380
436,372
437,438
438,376
439,494
440,409
441,380
442,467
443,392
444,513
445,442
446,390
447,501
448,407
449,474
450,473
451,402
452,542
453,436
454,454
455,505
456,417
457,541
458,467
459,443
460,555
461,425
462,525
463,505
464,438
465,548
466,458
467,515
468,556
469,427
470,545
471,497
472,513
473,548
474,445
475,524
476,538
477,489
478,532
479,495
480,517
481,538
482,465
483,530
484,535
485,506
486,538
487,492
488,527
489,542
490,496
491,536
492,534
493,518
494,542
495,480
496,533
497,538
498,512
499,540
500,534
501,525
502,545
503,507
504,537
505,536
506,521
507,543
508,534
509,530
510,540
511,520
512,540
513,535
514,526
515,545
516,511
517,533
518,537
519,526
520,542
521,534
522,528
523,539
524,522
525,535
526,534
527,527
528,542
529,533
530,529
531,535
532,523
533,535
534,532
535,527
536,536
537,518
538,527
539,532
540,523
541,535
542,530
543,524
544,530
545,512
546,550
547,586
548,593
549,634
550,621
551,662
552,663
553,651
554,695
555,669
556,710
557,695
558,703
559,728
560,697
561,734
562,733
563,720
564,750
565,716
566,743
567,760
568,724
569,756
570,764
571,747
572,766
573,744
574,761
575,772
576,744
577,769
578,777
579,761
580,775
581,763
582,769
583,778
584,749
585,775
586,781
587,765
588,778
589,769
590,772
591,780
592,755
593,773
594,780
595,747
596,775
597,768
598,760
599,777
600,749
601,767
602,774
603,739
604,770
605,753
606,751
607,773
608,737
609,760
610,755
611,729
612,765
613,739
614,740
615,756
616,723
617,750
618,739
619,717
620,756
621,718
622,719
623,735
624,705
625,738
626,722
627,699
628,728
629,690
630,694
631,712
632,681
633,712
634,692
635,675
636,692
637,653
638,670
639,679
640,640
641,664
642,675
643,634
644,659
645,652
646,628
647,654
648,631
649,621
650,649
651,612
652,615
653,643
654,584
655,605
656,626
657,556
658,597
659,592
660,528
661,591
662,562
663,508
664,582
665,531
666,502
667,567
668,498
669,494
670,529
671,463
672,488
673,491
674,429
675,481
676,451
677,393
678,474
679,407
680,356
681,428
682,366
683,318
684,375
685,319
686,287
687,324
688,272
689,291
690,266
691,220
692,252
693,203
694,162
695,179
696,132
697,102
698,98
699,57
700,13
400,6
401,79
402,143
403,244
404,250
405,247
406,335
407,299
408,332
409,344
410,308
411,397
412,347
413,304
414,403
415,341
416,320
417,383
418,325
419,418
420,358
421,331
422,409
423,341
424,411
425,382
426,341
427,432
428,364
429,362
430,414
431,358
432,459
433,388
434,367
435,442
436,370
437,492
438,416
439,378
440,470
441,389
442,452
443,452
444,389
445,514
446,416
447,412
448,478
449,402
450,534
451,447
452,395
453,518
454,416
455,511
456,483
457,407
458,549
459,435
460,496
461,519
462,419
463,546
464,471
465,491
466,556
467,429
468,539
469,518
470,492
471,548
472,460
473,527
474,549
475,464
476,529
477,520
478,509
479,536
480,452
481,526
482,538
483,497
484,535
485,503
486,522
487,541
488,486
489,534
490,535
491,513
492,540
493,491
494,530
495,539
496,507
497,539
498,534
499,522
500,544
501,498
502,535
503,537
504,517
505,542
506,534
507,527
508,542
509,516
510,539
511,536
512,525
513,544
514,530
515,530
516,538
517,524
518,540
519,535
520,527
521,541
522,519
523,532
524,536
525,526
526,541
527,533
528,528
529,537
530,524
531,533
532,533
533,526
534,538
535,531
536,527
537,533
538,522
539,534
540,530
541,525
542,532
543,510
544,525
545,529
546,547
547,594
548,583
549,611
550,642
551,632
552,681
553,653
554,685
555,693
556,673
557,724
558,688
559,724
560,723
561,709
562,743
563,707
564,736
565,756
566,719
567,752
568,757
569,742
570,762
571,738
572,758
573,770
574,741
575,767
576,775
577,759
578,773
579,759
580,768
581,777
582,749
583,775
584,780
585,765
586,778
587,768
588,772
589,780
590,754
591,776
592,781
593,756
594,777
595,770
596,763
597,778
598,751
599,769
600,778
601,742
602,773
603,756
604,754
605,774
606,741
607,762
608,759
609,732
610,767
611,743
612,741
613,762
614,728
615,753
616,744
617,719
618,759
619,724
620,723
621,741
622,710
623,740
624,727
625,703
626,736
627,698
628,698
629,719
630,687
631,723
632,703
633,681
634,702
635,665
636,676
637,689
638,654
639,670
640,672
641,646
642,666
643,653
644,640
645,661
646,633
647,634
648,655
649,612
650,627
651,651
652,594
653,619
654,636
655,566
656,610
657,604
658,540
659,602
660,573
661,530
662,595
663,542
664,523
665,582
666,511
667,516
668,544
669,478
670,510
671,505
672,446
673,503
674,467
675,411
676,496
677,427
678,374
679,452
680,387
681,338
682,402
683,344
684,333
685,350
686,297
687,335
688,297
689,249
690,298
691,240
692,196
693,225
694,176
695,144
696,143
697,109
698,83
699,61
700,13
400,6
401,87
402,154
403,187
404,279
405,270
406,307
407,333
408,297
409,396
410,343
411,302
412,400
413,339
414,311
415,388
416,328
417,389
418,364
419,320
420,407
421,344
422,359
423,389
424,334
425,428
426,365
427,350
428,423
429,346
430,459
431,396
432,360
433,445
434,372
435,432
436,426
437,372
438,474
439,397
440,374
441,456
442,386
443,522
444,422
445,388
446,484
447,399
448,506
449,462
450,399
451,529
452,420
453,472
454,490
455,408
456,546
457,449
458,465
459,529
460,423
461,542
462,489
463,456
464,552
465,439
466,519
467,540
468,451
469,548
470,480
471,517
472,550
473,441
474,540
475,538
476,499
477,534
478,470
479,522
480,539
481,480
482,532
483,533
484,515
485,539
486,460
487,530
488,537
489,503
490,538
491,517
492,526
493,543
494,496
495,536
496,535
497,515
498,542
499,504
500,532
501,539
502,513
503,540
504,534
505,522
506,545
507,507
508,536
509,537
510,523
511,543
512,534
513,526
514,540
515,520
516,539
517,535
518,526
519,544
520,521
521,530
522,536
523,526
524,540
525,533
526,528
527,538
528,520
529,532
530,534
531,526
532,540
533,532
534,527
535,534
536,523
537,534
538,531
539,525
540,534
541,524
542,525
543,530
544,519
545,533
546,557
547,573
548,612
549,608
550,659
551,638
552,650
553,681
554,661
555,710
556,674
557,704
558,717
559,693
560,735
561,705
562,726
563,750
564,713
565,745
566,754
567,732
568,758
569,742
570,751
571,766
572,731
573,763
574,772
575,753
576,770
577,765
578,765
579,775
580,744
581,772
582,779
583,760
584,776
585,776
586,770
587,779
588,756
589,775
590,781
591,755
592,777
593,776
594,763
595,777
596,761
597,768
598,779
599,746
600,772
601,764
602,751
603,774
604,745
605,762
606,768
607,736
608,767
609,749
610,740
611,769
612,732
613,753
614,750
615,723
616,760
617,733
618,725
619,749
620,715
621,741
622,732
623,708
624,746
625,708
626,703
627,726
628,694
629,725
630,712
631,688
632,713
633,675
634,683
635,698
636,663
637,686
638,672
639,656
640,672
641,652
642,651
643,667
644,632
645,645
646,663
647,614
648,639
649,658
650,597
651,634
652,638
653,579
654,626
655,607
656,569
657,618
658,577
659,561
660,610
661,547
662,556
663,585
664,516
665,549
666,549
667,485
668,540
669,513
670,455
671,532
672,479
673,424
674,510
675,442
676,401
677,464
678,402
679,396
680,420
681,363
682,394
683,372
684,320
685,387
686,320
687,277
688,325
689,268
690,230
691,261
692,211
693,177
694,189
695,152
696,115
697,117
698,87
699,68
700,13
400,7
401,68
402,170
403,202
404,279
405,296
406,278
407,373
408,324
409,287
410,382
411,328
412,307
413,374
414,323
415,380
416,361
417,310
418,407
419,341
420,350
421,382
422,323
423,423
424,362
425,342
426,414
427,343
428,455
429,386
430,356
431,439
432,364
433,425
434,421
435,368
436,467
437,389
438,370
439,450
440,381
441,512
442,419
443,384
444,477
445,398
446,500
447,453
448,396
449,516
450,417
451,464
452,481
453,408
454,543
455,443
456,455
457,520
458,418
459,539
460,481
461,442
462,553
463,436
464,513
465,524
466,431
467,550
468,471
469,513
470,552
471,429
472,542
473,522
474,512
475,535
476,464
477,521
478,538
479,477
480,531
481,521
482,515
483,538
484,454
485,529
486,536
487,500
488,537
489,510
490,524
491,542
492,494
493,535
494,535
495,513
496,541
497,495
498,531
499,539
500,512
501,540
502,534
503,521
504,544
505,505
506,536
507,537
508,521
509,543
510,534
511,525
512,540
513,519
514,539
515,535
516,526
517,544
518,523
519,530
520,537
521,524
522,540
523,534
524,528
525,539
526,519
527,532
528,534
529,527
530,541
531,532
532,527
533,535
534,522
535,532
536,532
537,526
538,534
539,527
540,526
541,531
542,520
543,533
544,529
545,523
546,561
547,570
548,617
549,624
550,620
551,662
552,645
553,688
554,676
555,679
556,709
557,681
558,725
559,693
560,716
561,742
562,705
563,738
564,744
565,726
566,754
567,732
568,747
569,763
570,728
571,760
572,770
573,750
574,768
575,756
576,763
577,774
578,742
579,771
580,778
581,761
582,776
583,770
584,770
585,779
586,753
587,776
588,781
589,762
590,778
591,774
592,769
593,779
594,756
595,770
596,780
597,747
598,774
599,766
600,756
601,775
602,748
603,765
604,771
605,738
606,769
607,752
608,745
609,772
610,736
611,757
612,753
613,727
614,762
615,739
616,729
617,755
618,720
619,745
620,737
621,713
622,752
623,717
624,707
625,731
626,700
627,730
628,718
629,693
630,722
631,688
632,689
633,706
634,671
635,701
636,686
637,667
638,682
639,648
640,660
641,674
642,631
643,655
644,670
645,613
646,649
647,660
648,606
649,643
650,644
651,599
652,637
653,615
654,589
655,628
656,585
657,581
658,622
659,556
660,573
661,596
662,527
663,567
664,560
665,498
666,560
667,525
668,467
669,551
670,492
671,443
672,525
673,457
674,439
675,482
676,421
677,433
678,439
679,381
680,428
681,395
682,342
683,416
684,347
685,299
686,354
687,301
688,256
689,296
690,249
691,207
692,230
693,190
694,190
695,165
696,124
697,128
698,92
699,55
700,11
400,5
401,71
402,175
403,221
404,231
405,335
406,306
407,277
408,365
409,316
410,299
411,370
412,320
413,365
414,363
415,314
416,409
417,346
418,326
419,389
420,326
421,424
422,364
423,337
424,417
425,345
426,404
427,394
428,351
429,438
430,369
431,359
432,426
433,363
434,473
435,394
436,369
437,449
438,375
439,494
440,424
441,382
442,480
443,396
444,452
445,461
446,394
447,527
448,423
449,413
450,491
451,407
452,532
453,457
454,400
455,532
456,419
457,507
458,492
459,409
460,550
461,449
462,496
463,540
464,422
465,542
466,489
467,491
468,553
469,442
470,528
471,553
472,489
473,544
474,480
475,514
476,536
477,451
478,527
479,534
480,503
481,535
482,478
483,523
484,540
485,488
486,534
487,533
488,517
489,540
490,470
491,531
492,537
493,507
494,539
495,528
496,526
497,544
498,503
499,537
500,536
501,518
502,543
503,513
504,531
505,539
506,516
507,539
508,534
509,523
510,545
511,510
512,535
513,537
514,524
515,542
516,534
517,527
518,539
519,522
520,537
521,535
522,527
523,543
524,532
525,528
526,536
527,524
528,537
529,533
530,528
531,537
532,513
533,527
534,533
535,524
536,538
537,531
538,525
539,532
540,518
541,527
542,530
543,523
544,531
545,528
546,549
547,588
548,592
549,640
550,615
551,643
552,668
553,652
554,705
555,669
556,701
557,708
558,691
559,735
560,697
561,727
562,741
563,708
564,746
565,742
566,737
567,758
568,722
569,753
570,766
571,740
572,763
573,768
574,757
575,771
576,742
577,767
578,776
579,754
580,774
581,778
582,767
583,778
584,755
585,773
586,780
587,757
588,778
589,782
590,768
591,780
592,765
593,771
594,779
595,752
596,773
597,779
598,750
599,775
600,757
601,762
602,776
603,742
604,768
605,760
606,737
607,771
608,740
609,754
610,763
611,731
612,761
613,746
614,725
615,765
616,725
617,742
618,744
619,718
620,751
621,731
622,710
623,741
624,705
625,724
626,725
627,699
628,735
629,705
630,692
631,715
632,677
633,700
634,701
635,672
636,693
637,666
638,667
639,677
640,639
641,660
642,673
643,623
644,655
645,669
646,618
647,650
648,647
649,610
650,644
651,630
652,602
653,637
654,600
655,591
656,629
657,572
658,583
659,612
660,543
661,576
662,579
663,514
664,569
665,545
666,484
667,560
668,511
669,459
670,548
671,476
672,455
673,507
674,441
675,450
676,465
677,402
678,444
679,421
680,365
681,438
682,376
683,325
684,389
685,328
686,281
687,334
688,280
689,236
690,275
691,227
692,224
693,210
694,166
695,187
696,135
697,104
698,101
699,58
700,13
