400,2
401,75
402,154
403,271
404,307
405,305
406,425
407,377
408,343
409,438
410,391
411,361
412,440
413,386
414,441
415,431
416,375
417,478
418,410
419,384
420,448
421,387
422,491
423,426
424,395
425,473
426,402
427,501
428,449
429,404
430,493
431,424
432,452
433,472
434,418
435,520
436,444
437,411
438,496
439,430
440,560
441,468
442,423
443,522
444,440
445,528
446,497
447,432
448,557
449,459
450,477
451,521
452,443
453,574
454,484
455,464
456,555
457,455
458,558
459,515
460,453
461,577
462,470
463,526
464,548
465,444
466,571
467,500
468,524
469,570
470,456
471,560
472,542
473,518
474,556
475,487
476,525
477,543
478,480
479,536
480,539
481,518
482,543
483,474
484,534
485,544
486,505
487,543
488,526
489,530
490,548
491,499
492,542
493,543
494,521
495,547
496,515
497,537
498,547
499,518
500,546
501,543
502,529
503,551
504,508
505,542
506,545
507,529
508,549
509,543
510,535
511,548
512,527
513,546
514,544
515,534
516,552
517,542
518,536
519,546
520,533
521,547
522,543
523,537
524,548
525,528
526,538
527,544
528,535
529,548
530,542
531,536
532,544
533,531
534,540
535,541
536,535
537,544
538,539
539,536
540,540
541,531
542,541
543,539
544,532
545,539
546,559
547,595
548,638
549,636
550,688
551,667
552,712
553,711
554,691
555,746
556,712
557,756
558,742
559,747
560,780
561,739
562,775
563,780
564,758
565,790
566,772
567,781
568,800
569,765
570,796
571,807
572,786
573,805
574,795
575,800
576,811
577,781
578,808
579,814
580,799
581,813
582,811
583,808
584,816
585,794
586,813
587,818
588,802
589,816
590,814
591,809
592,817
593,800
594,811
595,817
596,795
597,813
598,811
599,799
600,814
601,795
602,806
603,814
604,789
605,809
606,800
607,791
608,811
609,787
610,800
611,801
612,780
613,805
614,790
615,781
616,801
617,774
618,793
619,789
620,769
621,798
622,773
623,766
624,785
625,758
626,782
627,775
628,755
629,777
630,750
631,752
632,767
633,736
634,764
635,756
636,735
637,751
638,717
639,731
640,744
641,699
642,728
643,741
644,690
645,724
646,730
647,686
648,720
649,707
650,681
651,716
652,687
653,676
654,710
655,659
656,669
657,704
658,631
659,664
660,673
661,604
662,659
663,642
664,574
665,654
666,608
667,551
668,649
669,574
670,552
671,613
672,541
673,551
674,573
675,505
676,550
677,529
678,466
679,545
680,486
681,426
682,514
683,439
684,381
685,454
686,385
687,336
688,394
689,330
690,323
691,325
692,267
693,321
694,244
695,199
696,208
697,156
698,116
699,90
700,14
400,6
401,128
402,212
403,246
404,360
405,344
406,329
407,415
408,371
409,438
410,422
411,372
412,478
413,412
414,364
415,466
416,399
417,412
418,439
419,380
420,479
421,412
422,385
423,460
424,394
425,500
426,431
427,398
428,483
429,409
430,493
431,458
432,407
433,505
434,432
435,404
436,484
437,418
438,533
439,454
440,415
441,508
442,432
443,547
444,479
445,429
446,538
447,446
448,477
449,507
450,439
451,572
452,469
453,466
454,536
455,447
456,571
457,498
458,452
459,575
460,459
461,530
462,531
463,440
464,569
465,481
466,523
467,572
468,452
469,562
470,520
471,517
472,560
473,466
474,539
475,544
476,487
477,535
478,511
479,519
480,542
481,464
482,533
483,541
484,509
485,541
486,502
487,530
488,546
489,499
490,540
491,540
492,524
493,546
494,493
495,537
496,544
497,518
498,545
499,541
500,531
501,549
502,513
503,542
504,543
505,527
506,548
507,541
508,537
509,546
510,527
511,545
512,542
513,532
514,550
515,521
516,540
517,544
518,532
519,547
520,542
521,535
522,546
523,530
524,542
525,542
526,534
527,548
528,540
529,536
530,543
531,531
532,542
533,540
534,534
535,543
536,527
537,535
538,539
539,531
540,543
541,538
542,532
543,538
544,522
545,533
546,576
547,595
548,647
549,637
550,682
551,686
552,672
553,725
554,696
555,742
556,731
557,730
558,762
559,726
560,771
561,762
562,755
563,787
564,751
565,780
566,798
567,762
568,794
569,793
570,786
571,803
572,774
573,799
574,809
575,787
576,807
577,812
578,801
579,812
580,791
581,809
582,815
583,797
584,813
585,816
586,808
587,816
588,803
589,812
590,817
591,797
592,814
593,817
594,801
595,814
596,805
597,807
598,816
599,793
600,811
601,809
602,792
603,812
604,797
605,801
606,812
607,786
608,806
609,798
610,782
611,808
612,781
613,794
614,798
615,777
616,800
617,787
618,773
619,798
620,767
621,784
622,784
623,764
624,792
625,772
626,761
627,780
628,748
629,770
630,770
631,747
632,769
633,744
634,744
635,758
636,721
637,749
638,748
639,719
640,738
641,728
642,715
643,735
644,709
645,711
646,731
647,691
648,705
649,727
650,675
651,701
652,722
653,649
654,694
655,692
656,624
657,688
658,663
659,621
660,683
661,634
662,617
663,677
664,603
665,614
666,643
667,571
668,610
669,606
670,540
671,605
672,570
673,506
674,602
675,531
676,471
677,562
678,488
679,442
680,514
681,447
682,450
683,464
684,400
685,450
686,407
687,352
688,424
689,348
690,298
691,347
692,280
693,235
694,259
695,208
696,159
697,164
698,121
699,97
700,14
400,5
401,94
402,227
403,261
404,327
405,369
406,345
407,457
408,397
409,352
410,461
411,399
412,364
413,449
414,391
415,422
416,432
417,375
418,477
419,408
420,380
421,450
422,385
423,493
424,426
425,390
426,473
427,404
428,498
429,445
430,402
431,496
432,420
433,425
434,477
435,414
436,524
437,442
438,411
439,499
440,426
441,560
442,467
443,422
444,522
445,439
446,513
447,495
448,432
449,562
450,461
451,473
452,520
453,443
454,570
455,481
456,466
457,556
458,452
459,549
460,517
461,451
462,573
463,468
464,524
465,549
466,446
467,566
468,499
469,522
470,565
471,452
472,550
473,544
474,516
475,538
476,485
477,522
478,541
479,476
480,534
481,538
482,515
483,541
484,478
485,532
486,543
487,504
488,541
489,532
490,527
491,546
492,498
493,539
494,541
495,519
496,545
497,518
498,535
499,546
500,517
501,544
502,542
503,528
504,548
505,508
506,540
507,543
508,526
509,546
510,541
511,532
512,547
513,524
514,543
515,542
516,533
517,549
518,540
519,535
520,544
521,531
522,545
523,541
524,535
525,546
526,530
527,536
528,542
529,534
530,546
531,539
532,534
533,542
534,528
535,535
536,539
537,533
538,542
539,538
540,534
541,539
542,526
543,537
544,536
545,530
546,580
547,591
548,631
549,656
550,648
551,701
552,677
553,722
554,717
555,704
556,751
557,716
558,762
559,742
560,749
561,782
562,743
563,775
564,787
565,757
566,791
567,781
568,782
569,800
570,766
571,795
572,807
573,784
574,805
575,806
576,799
577,810
578,785
579,807
580,814
581,797
582,812
583,815
584,807
585,815
586,797
587,812
588,817
589,799
590,815
591,817
592,806
593,816
594,804
595,807
596,816
597,795
598,811
599,812
600,794
601,813
602,798
603,803
604,814
605,788
606,807
607,799
608,785
609,810
610,784
611,797
612,801
613,779
614,802
615,790
616,774
617,801
618,772
619,788
620,787
621,767
622,794
623,776
624,763
625,783
626,754
627,775
628,774
629,751
630,775
631,751
632,749
633,764
634,730
635,758
636,755
637,730
638,746
639,720
640,726
641,740
642,703
643,722
644,737
645,685
646,718
647,733
648,668
649,713
650,722
651,663
652,708
653,692
654,657
655,702
656,663
657,650
658,696
659,633
660,647
661,678
662,605
663,643
664,642
665,575
666,638
667,608
668,545
669,632
670,575
671,512
672,617
673,540
674,507
675,574
676,503
677,507
678,528
679,462
680,507
681,483
682,420
683,506
684,432
685,372
686,446
687,380
688,324
689,380
690,321
691,269
692,305
693,254
694,238
695,226
696,171
697,183
698,130
699,78
700,15
400,6
401,103
402,257
403,283
404,291
405,406
406,372
407,338
408,432
409,378
410,384
411,432
412,378
413,472
414,421
415,369
416,472
417,402
418,397
419,443
420,379
421,485
422,416
423,389
424,467
425,394
426,501
427,438
428,400
429,485
430,413
431,477
432,460
433,410
434,511
435,433
436,407
437,486
438,420
439,544
440,457
441,418
442,511
443,435
444,533
445,487
446,428
447,543
448,452
449,477
450,513
451,438
452,570
453,476
454,464
455,541
456,451
457,565
458,504
459,450
460,576
461,464
462,524
463,540
464,441
465,565
466,494
467,520
468,570
469,453
470,558
471,530
472,517
473,557
474,470
475,525
476,541
477,485
478,534
479,521
480,519
481,541
482,460
483,533
484,541
485,508
486,541
487,514
488,530
489,546
490,497
491,540
492,541
493,522
494,546
495,501
496,537
497,544
498,518
499,545
500,541
501,531
502,550
503,512
504,542
505,543
506,528
507,548
508,541
509,536
510,546
511,526
512,546
513,542
514,533
515,550
516,529
517,539
518,544
519,533
520,547
521,541
522,535
523,546
524,529
525,540
526,542
527,534
528,547
529,540
530,536
531,542
532,530
533,540
534,539
535,534
536,542
537,534
538,534
539,539
540,530
541,541
542,537
543,532
544,537
545,520
546,564
547,610
548,617
549,668
550,652
551,698
552,698
553,681
554,734
555,703
556,749
557,735
558,740
559,768
560,732
561,773
562,770
563,757
564,788
565,757
566,781
567,799
568,761
569,795
570,800
571,786
572,804
573,782
574,799
575,810
576,785
577,807
578,813
579,801
580,811
581,799
582,808
583,815
584,793
585,813
586,817
587,805
588,816
589,808
590,811
591,817
592,798
593,812
594,817
595,794
596,813
597,807
598,803
599,815
600,794
601,808
602,812
603,787
604,810
605,798
606,795
607,812
608,786
609,802
610,800
611,780
612,805
613,788
614,786
615,800
616,775
617,795
618,788
619,771
620,799
621,770
622,772
623,785
624,761
625,785
626,776
627,757
628,779
629,746
630,754
631,768
632,741
633,767
634,752
635,739
636,754
637,715
638,738
639,746
640,708
641,733
642,740
643,704
644,729
645,720
646,699
647,725
648,699
649,694
650,721
651,683
652,687
653,716
654,656
655,680
656,702
657,629
658,674
659,670
660,602
661,669
662,640
663,580
664,663
665,608
666,579
667,651
668,575
669,575
670,614
671,541
672,573
673,576
674,506
675,569
676,535
677,469
678,565
679,491
680,431
681,519
682,446
683,389
684,463
685,396
686,357
687,407
688,344
689,369
690,344
691,286
692,335
693,270
694,216
695,244
696,180
697,140
698,139
699,79
700,14
400,5
401,109
402,186
403,306
404,310
405,306
406,401
407,361
408,446
409,407
410,368
411,474
412,408
413,361
414,463
415,399
416,397
417,438
418,380
419,481
420,411
421,384
422,458
423,393
424,499
425,430
426,393
427,483
428,413
429,457
430,458
431,408
432,504
433,432
434,406
435,484
436,418
437,534
438,453
439,416
440,507
441,432
442,528
443,482
444,425
445,540
446,449
447,465
448,509
449,436
450,571
451,473
452,445
453,538
454,448
455,563
456,502
457,434
458,575
459,458
460,521
461,534
462,443
463,569
464,485
465,512
466,573
467,453
468,563
469,527
470,508
471,561
472,472
473,537
474,557
475,481
476,533
477,518
478,515
479,540
480,459
481,530
482,541
483,504
484,539
485,512
486,527
487,545
488,493
489,538
490,540
491,519
492,544
493,500
494,535
495,544
496,514
497,543
498,541
499,528
500,548
501,506
502,541
503,543
504,525
505,547
506,540
507,534
508,546
509,523
510,544
511,542
512,532
513,549
514,537
515,537
516,544
517,530
518,545
519,541
520,534
521,546
522,528
523,540
524,542
525,533
526,546
527,540
528,535
529,543
530,532
531,540
532,540
533,533
534,543
535,538
536,535
537,540
538,530
539,541
540,538
541,533
542,539
543,520
544,532
545,536
546,564
547,621
548,614
549,638
550,675
551,662
552,720
553,688
554,723
555,729
556,704
557,764
558,724
559,763
560,760
561,745
562,783
563,748
564,774
565,794
566,755
567,790
568,795
569,779
570,800
571,778
572,795
573,807
574,779
575,804
576,812
577,797
578,810
579,798
580,805
581,814
582,790
583,812
584,816
585,804
586,815
587,808
588,810
589,816
590,797
591,813
592,818
593,799
594,813
595,811
596,804
597,815
598,797
599,808
600,815
601,790
602,811
603,801
604,798
605,813
606,788
607,803
608,803
609,783
610,807
611,791
612,788
613,805
614,779
615,796
616,792
617,773
618,801
619,777
620,775
621,789
622,764
623,787
624,779
625,760
626,784
627,754
628,758
629,773
630,746
631,774
632,761
633,743
634,761
635,725
636,742
637,752
638,719
639,738
640,738
641,715
642,735
643,717
644,710
645,731
646,698
647,706
648,727
649,678
650,701
651,724
652,661
653,695
654,706
655,635
656,687
657,676
658,614
659,682
660,645
661,613
662,677
663,615
664,609
665,659
666,584
667,606
668,622
669,551
670,604
671,583
672,518
673,599
674,545
675,484
676,585
677,504
678,446
679,535
680,463
681,431
682,485
683,418
684,437
685,429
686,367
687,441
688,372
689,314
690,378
691,307
692,253
693,294
694,231
695,189
696,194
697,148
698,109
699,84
700,14
400,5
401,118
402,200
403,238
404,339
405,327
406,447
407,392
408,353
409,452
410,399
411,360
412,449
413,390
414,405
415,436
416,378
417,481
418,412
419,381
420,453
421,389
422,492
423,428
424,392
425,474
426,404
427,471
428,450
429,400
430,496
431,426
432,400
433,479
434,415
435,524
436,447
437,409
438,498
439,426
440,534
441,473
442,421
443,528
444,440
445,475
446,500
447,431
448,571
449,463
450,452
451,526
452,442
453,568
454,492
455,429
456,568
457,455
458,520
459,521
460,442
461,572
462,478
463,513
464,564
465,447
466,566
467,512
468,511
469,566
470,463
471,539
472,560
473,508
474,553
475,499
476,519
477,540
478,463
479,532
480,539
481,510
482,540
483,487
484,529
485,545
486,497
487,539
488,539
489,524
490,545
491,487
492,538
493,542
494,516
495,544
496,533
497,532
498,549
499,512
500,543
501,542
502,526
503,548
504,521
505,538
506,544
507,525
508,545
509,541
510,532
511,550
512,521
513,541
514,543
515,532
516,548
517,541
518,534
519,545
520,529
521,543
522,542
523,535
524,549
525,540
526,536
527,543
528,532
529,545
530,541
531,535
532,543
533,523
534,535
535,540
536,533
537,545
538,538
539,534
540,540
541,527
542,534
543,538
544,529
545,538
546,559
547,593
548,638
549,635
550,690
551,665
552,700
553,712
554,690
555,749
556,711
557,751
558,747
559,740
560,778
561,738
562,771
563,782
564,751
565,788
566,779
567,778
568,798
569,764
570,793
571,805
572,781
573,803
574,805
575,797
576,809
577,783
578,806
579,813
580,795
581,811
582,815
583,806
584,815
585,796
586,812
587,816
588,798
589,814
590,817
591,806
592,816
593,805
594,809
595,815
596,795
597,811
598,813
599,795
600,813
601,799
602,803
603,814
604,789
605,807
606,801
607,784
608,809
609,787
610,797
611,803
612,780
613,802
614,792
615,775
616,804
617,773
618,787
619,790
620,768
621,794
622,780
623,765
624,786
625,756
626,775
627,776
628,753
629,779
630,755
631,750
632,766
633,732
634,758
635,757
636,732
637,750
638,721
639,728
640,742
641,702
642,725
643,739
644,684
645,721
646,735
647,679
648,716
649,713
650,674
651,712
652,695
653,667
654,706
655,666
656,660
657,700
658,639
659,654
660,683
661,611
662,649
663,650
664,581
665,644
666,616
667,550
668,640
669,581
670,520
671,623
672,546
673,526
674,581
675,510
676,525
677,536
678,470
679,521
680,492
681,430
682,519
683,445
684,385
685,463
686,391
687,340
688,401
689,334
690,287
691,330
692,269
693,272
694,247
695,201
696,213
697,158
698,117
699,90
700,15
400,6
401,133
402,214
403,249
404,369
405,349
406,329
407,423
408,375
409,386
410,430
411,377
412,462
413,420
414,369
415,475
416,406
417,377
418,447
419,384
420,486
421,419
422,385
423,470
424,400
425,480
426,440
427,398
428,490
429,415
430,427
431,467
432,406
433,513
434,440
435,406
436,490
437,418
438,551
439,463
440,417
441,516
442,432
443,501
444,491
445,431
446,551
447,455
448,451
449,517
450,442
451,567
452,482
453,429
454,552
455,450
456,540
457,515
458,437
459,572
460,473
461,512
462,551
463,446
464,565
465,499
466,509
467,570
468,457
469,547
470,542
471,506
472,558
473,481
474,535
475,542
476,470
477,532
478,533
479,514
480,540
481,467
482,531
483,542
484,499
485,540
486,520
487,527
488,545
489,491
490,538
491,541
492,516
493,545
494,509
495,535
496,544
497,514
498,543
499,541
500,526
501,548
502,504
503,541
504,543
505,525
506,547
507,541
508,531
509,547
510,523
511,543
512,542
513,531
514,549
515,540
516,535
517,544
518,530
519,546
520,541
521,534
522,547
523,526
524,539
525,542
526,533
527,546
528,540
529,536
530,543
531,529
532,539
533,540
534,533
535,543
536,538
537,534
538,539
539,529
540,540
541,537
542,531
543,538
544,516
545,532
546,576
547,594
548,650
549,635
550,666
551,688
552,673
553,731
554,696
555,736
556,735
557,719
558,769
559,727
560,766
561,767
562,749
563,784
564,757
565,776
566,796
567,757
568,791
569,801
570,780
571,801
572,787
573,796
574,808
575,778
576,804
577,812
578,797
579,811
580,805
581,806
582,814
583,791
584,812
585,816
586,802
587,815
588,811
589,809
590,816
591,799
592,812
593,817
594,793
595,812
596,811
597,801
598,814
599,795
600,806
601,815
602,790
603,809
604,801
605,793
606,811
607,788
608,801
609,803
610,782
611,805
612,792
613,783
614,806
615,776
616,793
617,791
618,772
619,799
620,778
621,768
622,788
623,761
624,783
625,778
626,759
627,783
628,755
629,755
630,771
631,741
632,768
633,762
634,739
635,758
636,724
637,737
638,749
639,709
640,734
641,743
642,705
643,730
644,726
645,701
646,726
647,706
648,695
649,722
650,691
651,689
652,717
653,666
654,681
655,711
656,639
657,675
658,681
659,612
660,669
661,651
662,585
663,664
664,617
665,579
666,660
667,585
668,578
669,625
670,553
671,573
672,587
673,519
674,570
675,547
676,483
677,567
678,504
679,443
680,535
681,460
682,403
683,481
684,413
685,358
686,422
687,363
688,370
689,360
690,307
691,367
692,289
693,242
694,271
695,214
696,163
697,171
698,124
699,75
700,14
400,6
401,97
402,239
403,272
404,280
405,385
406,358
407,394
408,412
409,364
410,474
411,412
412,364
413,469
414,403
415,371
416,449
417,387
418,475
419,424
420,379
421,470
422,399
423,444
424,444
425,390
426,485
427,418
428,401
429,466
430,404
431,514
432,437
433,405
434,493
435,414
436,520
437,462
438,415
439,517
440,435
441,463
442,492
443,429
444,550
445,461
446,419
447,516
448,440
449,563
450,488
451,429
452,550
453,452
454,514
455,514
456,441
457,573
458,473
459,500
460,546
461,448
462,568
463,499
464,496
465,569
466,458
467,537
468,543
469,491
470,562
471,484
472,532
473,559
474,487
475,533
476,538
477,510
478,538
479,468
480,528
481,543
482,496
483,538
484,523
485,524
486,544
487,483
488,537
489,541
490,513
491,544
492,513
493,533
494,545
495,509
496,542
497,541
498,524
499,548
500,504
501,539
502,544
503,524
504,546
505,541
506,530
507,550
508,518
509,543
510,543
511,530
512,549
513,541
514,535
515,545
516,530
517,545
518,542
519,534
520,548
521,525
522,538
523,543
524,533
525,546
526,541
527,535
528,544
529,531
530,539
531,540
532,533
533,546
534,539
535,535
536,540
537,530
538,540
539,538
540,533
541,540
542,525
543,533
544,537
545,527
546,584
547,606
548,615
549,661
550,650
551,713
552,676
553,701
554,725
555,699
556,757
557,718
558,752
559,756
560,734
561,778
562,747
563,767
564,792
565,752
566,786
567,794
568,774
569,797
570,781
571,790
572,805
573,771
574,802
575,810
576,793
577,808
578,803
579,804
580,813
581,788
582,810
583,815
584,802
585,814
586,812
587,809
588,816
589,797
590,813
591,817
592,798
593,814
594,812
595,802
596,814
597,799
598,808
599,815
600,791
601,811
602,804
603,795
604,812
605,790
606,802
607,806
608,783
609,806
610,794
611,786
612,807
613,779
614,795
615,794
616,774
617,801
618,784
619,773
620,792
621,766
622,786
623,782
624,762
625,789
626,762
627,759
628,775
629,747
630,773
631,766
632,745
633,764
634,735
635,742
636,755
637,720
638,743
639,742
640,717
641,736
642,723
643,712
644,732
645,704
646,708
647,729
648,684
649,702
650,725
651,667
652,698
653,713
654,641
655,691
656,683
657,621
658,685
659,652
660,616
661,680
662,623
663,613
664,669
665,594
666,609
667,632
668,562
669,604
670,596
671,528
672,601
673,559
674,494
675,596
676,520
677,457
678,550
679,477
680,429
681,501
682,434
683,435
684,449
685,385
686,439
687,394
688,334
689,399
690,332
691,277
692,317
693,261
694,210
695,235
696,176
697,138
698,136
699,79
700,15
400,7
401,106
402,181
403,294
404,300
405,400
406,386
407,349
408,455
409,393
410,357
411,455
412,394
413,368
414,442
415,385
416,473
417,420
418,377
419,468
420,394
421,448
422,435
423,388
424,484
425,411
426,399
427,461
428,401
429,504
430,432
431,403
432,483
433,409
434,529
435,455
436,412
437,506
438,429
439,466
440,485
441,425
442,538
443,452
444,415
445,511
446,435
447,561
448,477
449,425
450,542
451,447
452,522
453,508
454,436
455,572
456,468
457,498
458,535
459,443
460,570
461,494
462,491
463,572
464,453
465,538
466,535
467,483
468,566
469,482
470,530
471,563
472,476
473,552
474,514
475,511
476,537
477,458
478,527
479,543
480,500
481,537
482,508
483,524
484,543
485,485
486,536
487,540
488,517
489,543
490,497
491,534
492,544
493,510
494,542
495,540
496,528
497,547
498,501
499,540
500,543
501,523
502,546
503,541
504,533
505,547
506,520
507,543
508,543
509,530
510,549
511,537
512,537
513,545
514,529
515,546
516,542
517,534
518,547
519,526
520,540
521,542
522,534
523,548
524,541
525,535
526,544
527,530
528,541
529,541
530,534
531,547
532,539
533,535
534,541
535,531
536,542
537,538
538,533
539,540
540,520
541,534
542,537
543,529
544,540
545,536
546,564
547,614
548,618
549,679
550,662
551,658
552,707
553,685
554,741
555,704
556,732
557,748
558,718
559,772
560,734
561,761
562,784
563,743
564,783
565,782
566,771
567,795
568,764
569,789
570,803
571,774
572,800
573,806
574,793
575,807
576,788
577,803
578,811
579,790
580,809
581,815
582,803
583,813
584,801
585,810
586,816
587,795
588,813
589,817
590,805
591,816
592,808
593,808
594,816
595,796
596,810
597,816
598,791
599,812
600,802
601,801
602,814
603,790
604,806
605,805
606,785
607,809
608,793
609,794
610,809
611,782
612,800
613,794
614,777
615,804
616,778
617,783
618,793
619,770
620,792
621,783
622,766
623,791
624,757
625,770
626,778
627,754
628,782
629,766
630,751
631,769
632,734
633,751
634,760
635,733
636,753
637,732
638,732
639,743
640,706
641,727
642,740
643,688
644,723
645,736
646,684
647,720
648,717
649,678
650,715
651,700
652,673
653,710
654,672
655,665
656,703
657,645
658,660
659,689
660,616
661,655
662,657
663,587
664,650
665,623
666,557
667,645
668,589
669,535
670,632
671,553
672,536
673,592
674,518
675,535
676,549
677,479
678,535
679,503
680,440
681,532
682,457
683,397
684,478
685,406
686,350
687,420
688,354
689,300
690,354
691,293
692,297
693,277
694,221
695,254
696,185
697,142
698,143
699,83
700,15
400,6
401,113
402,191
403,319
404,319
405,311
406,415
407,369
408,374
409,419
410,376
411,457
412,419
413,369
414,475
415,409
416,375
417,451
418,388
419,482
420,422
421,383
422,470
423,401
424,456
425,441
426,393
427,490
428,421
429,402
430,469
431,408
432,513
433,440
434,408
435,491
436,418
437,528
438,464
439,419
440,517
441,438
442,465
443,496
444,428
445,558
446,459
447,427
448,519
449,439
450,566
451,487
452,428
453,555
454,451
455,514
456,520
457,440
458,572
459,472
460,507
461,551
462,448
463,566
464,502
465,498
466,571
467,460
468,538
469,551
470,496
471,559
472,487
473,533
474,556
475,462
476,531
477,538
478,510
479,538
480,474
481,528
482,544
483,495
484,537
485,533
486,523
487,544
488,481
489,536
490,541
491,514
492,544
493,520
494,533
495,546
496,509
497,542
498,541
499,524
500,547
501,511
502,539
503,545
504,523
505,545
506,541
507,531
508,550
509,519
510,543
511,543
512,531
513,548
514,541
515,534
516,545
517,529
518,544
519,542
520,534
521,549
522,533
523,536
524,543
525,533
526,546
527,540
528,535
529,544
530,530
531,536
532,540
533,533
534,546
535,539
536,534
537,540
538,528
539,538
540,538
541,532
542,539
543,532
544,532
545,537
546,562
547,623
548,625
549,631
550,677
551,663
552,723
553,687
554,717
555,732
556,705
557,764
558,724
559,760
560,764
561,737
562,781
563,757
564,770
565,793
566,755
567,787
568,801
569,775
570,798
571,790
572,792
573,806
574,773
575,803
576,811
577,793
578,809
579,809
580,804
581,813
582,789
583,810
584,815
585,801
586,814
587,814
588,808
589,816
590,799
591,811
592,817
593,795
594,813
595,815
596,800
597,813
598,800
599,806
600,815
601,790
602,809
603,803
604,792
605,811
606,789
607,801
608,806
609,783
610,805
611,793
612,782
613,806
614,778
615,794
616,792
617,772
618,799
619,781
620,769
621,790
622,763
623,783
624,780
625,760
626,786
627,759
628,757
629,773
630,744
631,769
632,765
633,741
634,761
635,731
636,739
637,752
638,716
639,736
640,745
641,711
642,733
643,726
644,706
645,728
646,707
647,700
648,724
649,687
650,695
651,721
652,668
653,690
654,713
655,640
656,683
657,682
658,614
659,676
660,651
661,597
662,672
663,622
664,592
665,665
666,591
667,588
668,632
669,558
670,586
671,593
672,526
673,582
674,554
675,489
676,579
677,512
678,451
679,545
680,470
681,413
682,494
683,425
684,393
685,438
686,374
687,400
688,379
689,320
690,389
691,313
692,258
693,302
694,236
695,193
696,200
697,152
698,115
699,88
700,16
