400,1
401,84
402,262
403,305
404,318
405,437
406,404
407,376
408,465
409,411
410,475
411,465
412,412
413,522
414,455
415,409
416,503
417,436
418,482
419,475
420,418
421,520
422,449
423,436
424,495
425,428
426,537
427,468
428,434
429,516
430,443
431,556
432,487
433,443
434,539
435,461
436,494
437,514
438,453
439,567
440,482
441,448
442,536
443,466
444,594
445,508
446,455
447,561
448,477
449,554
450,535
451,465
452,598
453,494
454,518
455,556
456,476
457,598
458,516
459,507
460,597
461,484
462,578
463,549
464,498
465,590
466,504
467,556
468,596
469,492
470,586
471,530
472,551
473,582
474,484
475,552
476,564
477,523
478,558
479,518
480,547
481,564
482,506
483,558
484,561
485,540
486,565
487,513
488,556
489,566
490,530
491,564
492,562
493,551
494,569
495,521
496,562
497,565
498,545
499,569
500,557
501,558
502,569
503,543
504,567
505,565
506,553
507,572
508,544
509,563
510,567
511,552
512,570
513,565
514,558
515,570
516,550
517,565
518,566
519,557
520,571
521,564
522,560
523,567
524,555
525,566
526,564
527,558
528,568
529,563
530,560
531,565
532,556
533,567
534,563
535,558
536,565
537,550
538,559
539,562
540,555
541,566
542,561
543,556
544,561
545,547
546,596
547,635
548,643
549,693
550,678
551,728
552,720
553,707
554,755
555,726
556,775
557,749
558,766
559,786
560,752
561,794
562,787
563,781
564,809
565,775
566,802
567,818
568,785
569,815
570,815
571,806
572,822
573,797
574,818
575,827
576,806
577,825
578,829
579,819
580,830
581,812
582,827
583,832
584,816
585,831
586,833
587,825
588,833
589,821
590,829
591,834
592,815
593,830
594,833
595,816
596,831
597,823
598,824
599,832
600,812
601,827
602,825
603,810
604,829
605,815
606,818
607,829
608,805
609,823
610,816
611,802
612,825
613,801
614,811
615,816
616,797
617,818
618,807
619,794
620,816
621,788
622,803
623,804
624,785
625,810
626,791
627,782
628,799
629,770
630,791
631,791
632,770
633,789
634,767
635,768
636,781
637,745
638,769
639,773
640,743
641,763
642,758
643,739
644,760
645,740
646,735
647,757
648,720
649,730
650,753
651,705
652,726
653,748
654,679
655,720
656,722
657,655
658,714
659,693
660,637
661,711
662,664
663,639
664,706
665,634
666,638
667,676
668,603
669,636
670,641
671,570
672,633
673,604
674,536
675,630
676,566
677,500
678,600
679,522
680,463
681,550
682,479
683,456
684,497
685,430
686,461
687,442
688,378
689,455
690,379
691,318
692,369
693,303
694,245
695,277
696,208
697,163
698,163
699,97
700,17
400,7
401,131
402,214
403,341
404,344
405,418
406,434
407,392
408,508
409,439
410,399
411,504
412,439
413,403
414,490
415,429
416,487
417,467
418,413
419,514
420,440
421,443
422,482
423,421
424,531
425,456
426,426
427,511
428,439
429,549
430,480
431,439
432,528
433,455
434,505
435,503
436,448
437,551
438,473
439,442
440,527
441,461
442,589
443,496
444,450
445,553
446,471
447,570
448,522
449,460
450,586
451,486
452,515
453,548
454,470
455,599
456,509
457,508
458,577
459,477
460,596
461,537
462,497
463,597
464,492
465,551
466,578
467,481
468,590
469,523
470,548
471,586
472,475
473,575
474,560
475,526
476,557
477,500
478,545
479,563
480,509
481,556
482,559
483,540
484,563
485,494
486,554
487,563
488,531
489,563
490,543
491,552
492,568
493,526
494,562
495,562
496,543
497,567
498,531
499,559
500,566
501,542
502,566
503,563
504,551
505,570
506,537
507,563
508,565
509,551
510,569
511,562
512,556
513,567
514,550
515,565
516,564
517,556
518,570
519,562
520,558
521,565
522,555
523,567
524,563
525,557
526,567
527,548
528,558
529,563
530,556
531,567
532,561
533,557
534,563
535,551
536,560
537,561
538,554
539,563
540,559
541,556
542,560
543,549
544,559
545,558
546,588
547,642
548,643
549,693
550,694
551,683
552,735
553,710
554,758
555,741
556,745
557,775
558,742
559,790
560,766
561,776
562,806
563,766
564,799
565,808
566,783
567,812
568,799
569,804
570,820
571,787
572,816
573,826
574,807
575,824
576,817
577,819
578,828
579,803
580,826
581,831
582,817
583,830
584,829
585,825
586,832
587,815
588,829
589,834
590,819
591,831
592,830
593,824
594,832
595,821
596,826
597,832
598,812
599,828
600,824
601,816
602,830
603,811
604,822
605,827
606,806
607,825
608,816
609,809
610,827
611,803
612,817
613,816
614,799
615,821
616,806
617,799
618,815
619,792
620,810
621,805
622,788
623,814
624,789
625,786
626,801
627,777
628,800
629,794
630,775
631,794
632,766
633,772
634,785
635,755
636,778
637,772
638,755
639,768
640,747
641,751
642,766
643,729
644,747
645,763
646,712
647,743
648,758
649,694
650,739
651,746
652,686
653,734
654,718
655,680
656,729
657,691
658,676
659,724
660,663
661,672
662,709
663,635
664,668
665,676
666,606
667,664
668,643
669,576
670,661
671,608
672,545
673,653
674,571
675,519
676,608
677,532
678,526
679,561
680,493
681,530
682,513
683,449
684,530
685,460
686,398
687,483
688,406
689,346
690,411
691,340
692,283
693,327
694,261
695,225
696,223
697,172
698,180
699,101
700,18
400,7
401,140
402,227
403,374
404,367
405,355
406,469
407,418
408,378
409,471
410,423
411,445
412,468
413,414
414,527
415,455
416,408
417,502
418,433
419,480
420,469
421,418
422,517
423,447
424,434
425,489
426,427
427,539
428,466
429,430
430,514
431,441
432,554
433,486
434,442
435,535
436,459
437,492
438,510
439,453
440,563
441,480
442,442
443,535
444,462
445,594
446,503
447,452
448,562
449,473
450,552
451,531
452,461
453,601
454,493
455,513
456,559
457,471
458,594
459,512
460,511
461,600
462,481
463,575
464,547
465,498
466,593
467,501
468,553
469,589
470,492
471,576
472,524
473,546
474,574
475,476
476,545
477,556
478,518
479,553
480,516
481,543
482,561
483,502
484,553
485,557
486,536
487,562
488,513
489,553
490,564
491,530
492,562
493,560
494,549
495,567
496,521
497,560
498,563
499,543
500,566
501,556
502,556
503,566
504,540
505,564
506,563
507,551
508,569
509,543
510,560
511,565
512,551
513,567
514,562
515,555
516,568
517,546
518,562
519,563
520,554
521,568
522,562
523,557
524,565
525,552
526,563
527,562
528,555
529,566
530,560
531,556
532,561
533,552
534,563
535,560
536,555
537,562
538,543
539,555
540,559
541,552
542,562
543,558
544,552
545,557
546,584
547,644
548,658
549,656
550,706
551,687
552,741
553,724
554,725
555,760
556,729
557,781
558,747
559,773
560,791
561,755
562,796
563,792
564,783
565,810
566,776
567,803
568,818
569,787
570,815
571,818
572,807
573,822
574,801
575,818
576,827
577,805
578,825
579,830
580,819
581,829
582,816
583,826
584,831
585,812
586,830
587,833
588,823
589,831
590,824
591,827
592,832
593,815
594,828
595,832
596,813
597,830
598,823
599,820
600,830
601,812
602,824
603,826
604,807
605,827
606,814
607,814
608,827
609,804
610,820
611,815
612,800
613,823
614,803
615,807
616,815
617,795
618,815
619,806
620,791
621,814
622,783
623,797
624,802
625,782
626,808
627,792
628,780
629,796
630,765
631,784
632,789
633,765
634,785
635,765
636,764
637,777
638,737
639,761
640,771
641,734
642,759
643,760
644,730
645,756
646,742
647,727
648,752
649,722
650,721
651,748
652,706
653,715
654,743
655,680
656,709
657,725
658,655
659,704
660,694
661,629
662,700
663,665
664,606
665,697
666,634
667,608
668,678
669,601
670,608
671,640
672,569
673,608
674,601
675,534
676,607
677,560
678,496
679,600
680,518
681,457
682,547
683,472
684,413
685,489
686,419
687,400
688,430
689,364
690,413
691,361
692,298
693,353
694,276
695,227
696,238
697,182
698,137
699,107
700,18
400,7
401,150
402,239
403,274
404,391
405,374
406,428
407,444
408,399
409,512
410,451
411,401
412,510
413,441
414,404
415,492
416,427
417,495
418,465
419,414
420,509
421,440
422,454
423,484
424,426
425,525
426,455
427,427
428,509
429,431
430,551
431,478
432,434
433,526
434,453
435,523
436,501
437,444
438,549
439,472
440,445
441,526
442,456
443,586
444,491
445,450
446,548
447,467
448,573
449,519
450,460
451,583
452,481
453,523
454,545
455,465
456,600
457,505
458,512
459,575
460,477
461,592
462,532
463,507
464,593
465,484
466,556
467,572
468,501
469,585
470,514
471,549
472,581
473,487
474,569
475,559
476,522
477,555
478,499
479,543
480,560
481,505
482,553
483,555
484,537
485,559
486,491
487,551
488,558
489,528
490,561
491,545
492,552
493,567
494,526
495,561
496,561
497,543
498,566
499,534
500,558
501,565
502,542
503,566
504,562
505,551
506,570
507,538
508,563
509,564
510,552
511,568
512,562
513,555
514,566
515,550
516,566
517,563
518,555
519,570
520,551
521,559
522,564
523,555
524,567
525,562
526,557
527,565
528,549
529,560
530,562
531,555
532,567
533,560
534,556
535,562
536,552
537,561
538,560
539,554
540,561
541,553
542,555
543,559
544,548
545,561
546,598
547,618
548,667
549,661
550,721
551,697
552,704
553,741
554,715
555,771
556,734
557,763
558,776
559,745
560,795
561,766
562,784
563,808
564,768
565,803
566,809
567,790
568,814
569,796
570,808
571,822
572,790
573,818
574,827
575,811
576,825
577,816
578,821
579,829
580,805
581,826
582,831
583,819
584,830
585,826
586,826
587,832
588,815
589,829
590,833
591,819
592,831
593,828
594,823
595,831
596,818
597,825
598,832
599,810
600,828
601,822
602,816
603,829
604,810
605,822
606,824
607,805
608,824
609,814
610,808
611,825
612,801
613,816
614,814
615,797
616,820
617,802
618,798
619,813
620,789
621,808
622,803
623,786
624,811
625,784
626,785
627,799
628,774
629,797
630,792
631,772
632,791
633,759
634,771
635,782
636,752
637,774
638,763
639,750
640,766
641,745
642,747
643,763
644,727
645,744
646,760
647,710
648,739
649,756
650,695
651,736
652,739
653,679
654,731
655,711
656,673
657,726
658,683
659,669
660,720
661,655
662,668
663,699
664,625
665,665
666,665
667,595
668,662
669,631
670,566
671,657
672,597
673,535
674,639
675,561
676,517
677,592
678,520
679,520
680,547
681,479
682,524
683,498
684,434
685,522
686,443
687,386
688,459
689,383
690,330
691,383
692,313
693,265
694,293
695,238
696,182
697,192
698,143
699,116
700,17
400,7
401,111
402,255
403,288
404,424
405,396
406,371
407,475
408,422
409,384
410,480
411,422
412,461
413,468
414,414
415,523
416,451
417,410
418,495
419,428
420,509
421,465
422,418
423,513
424,444
425,466
426,484
427,432
428,533
429,458
430,429
431,512
432,440
433,559
434,481
435,438
436,530
437,450
438,553
439,504
440,449
441,557
442,472
443,488
444,527
445,463
446,594
447,493
448,450
449,554
450,474
451,585
452,520
453,460
454,593
455,484
456,534
457,550
458,467
459,595
460,510
461,526
462,588
463,476
464,589
465,535
466,521
467,592
468,492
469,558
470,584
471,514
472,579
473,515
474,553
475,560
476,473
477,550
478,557
479,527
480,558
481,503
482,547
483,563
484,514
485,557
486,558
487,543
488,563
489,497
490,555
491,562
492,533
493,563
494,556
495,551
496,567
497,528
498,561
499,562
500,544
501,566
502,547
503,557
504,565
505,543
506,564
507,562
508,551
509,569
510,537
511,560
512,564
513,550
514,567
515,561
516,555
517,566
518,547
519,562
520,562
521,554
522,568
523,560
524,556
525,563
526,552
527,563
528,560
529,555
530,564
531,555
532,555
533,560
534,552
535,563
536,558
537,554
538,559
539,545
540,554
541,557
542,550
543,559
544,556
545,551
546,600
547,616
548,680
549,669
550,667
551,714
552,695
553,755
554,718
555,746
556,761
557,732
558,789
559,750
560,780
561,793
562,759
563,800
564,792
565,789
566,812
567,778
568,806
569,820
570,791
571,816
572,817
573,810
574,822
575,797
576,820
577,827
578,809
579,825
580,829
581,821
582,829
583,813
584,826
585,831
586,815
587,830
588,832
589,824
590,832
591,823
592,827
593,832
594,814
595,828
596,832
597,815
598,830
599,820
600,822
601,831
602,810
603,825
604,822
605,807
606,827
607,810
608,817
609,824
610,803
611,821
612,812
613,799
614,824
615,797
616,809
617,812
618,793
619,815
620,804
621,790
622,810
623,783
624,798
625,800
626,780
627,806
628,787
629,778
630,794
631,762
632,784
633,786
634,762
635,781
636,760
637,762
638,773
639,730
640,759
641,770
642,726
643,756
644,762
645,722
646,752
647,742
648,717
649,748
650,727
651,713
652,745
653,702
654,707
655,739
656,676
657,703
658,721
659,649
660,698
661,691
662,622
663,694
664,659
665,595
666,690
667,627
668,599
669,670
670,595
671,597
672,633
673,562
674,598
675,592
676,526
677,597
678,549
679,485
680,587
681,505
682,445
683,532
684,457
685,399
686,472
687,407
688,377
689,408
690,349
691,386
692,334
693,280
694,318
695,252
696,192
697,205
698,150
699,90
700,18
400,7
401,121
402,279
403,311
404,318
405,431
406,399
407,401
408,457
409,404
410,490
411,457
412,404
413,514
414,446
415,405
416,494
417,427
418,499
419,465
420,413
421,510
422,439
423,456
424,484
425,423
426,527
427,458
428,429
429,508
430,434
431,560
432,477
433,438
434,531
435,452
436,517
437,501
438,447
439,557
440,473
441,450
442,526
443,460
444,593
445,497
446,449
447,550
448,471
449,572
450,523
451,459
452,586
453,484
454,525
455,545
456,469
457,598
458,506
459,515
460,583
461,478
462,592
463,536
464,506
465,591
466,493
467,556
468,577
469,502
470,583
471,518
472,550
473,579
474,494
475,550
476,558
477,525
478,556
479,503
480,545
481,562
482,509
483,555
484,557
485,541
486,562
487,497
488,555
489,562
490,531
491,563
492,544
493,552
494,567
495,527
496,561
497,561
498,543
499,566
500,534
501,558
502,565
503,543
504,565
505,562
506,551
507,569
508,536
509,562
510,564
511,550
512,568
513,561
514,555
515,566
516,550
517,565
518,562
519,555
520,569
521,555
522,557
523,564
524,554
525,566
526,561
527,556
528,564
529,550
530,557
531,561
532,554
533,566
534,560
535,556
536,561
537,551
538,560
539,559
540,553
541,560
542,558
543,554
544,558
545,548
546,609
547,631
548,639
549,687
550,674
551,734
552,703
553,721
554,748
555,721
556,777
557,740
558,771
559,779
560,749
561,796
562,774
563,784
564,809
565,772
566,803
567,815
568,789
569,814
570,805
571,807
572,821
573,791
574,818
575,826
576,808
577,824
578,825
579,820
580,829
581,807
582,826
583,831
584,816
585,829
586,831
587,825
588,831
589,817
590,828
591,833
592,814
593,830
594,831
595,817
596,830
597,820
598,823
599,831
600,811
601,827
602,822
603,811
604,828
605,810
606,819
607,824
608,804
609,823
610,814
611,802
612,825
613,799
614,813
615,814
616,795
617,817
618,804
619,793
620,812
621,787
622,803
623,802
624,784
625,809
626,788
627,782
628,797
629,769
630,791
631,790
632,768
633,787
634,763
635,767
636,779
637,745
638,767
639,772
640,742
641,762
642,755
643,738
644,759
645,736
646,734
647,755
648,716
649,729
650,752
651,701
652,725
653,747
654,676
655,719
656,719
657,651
658,715
659,690
660,638
661,710
662,662
663,638
664,704
665,632
666,636
667,673
668,601
669,632
670,639
671,569
672,629
673,603
674,535
675,626
676,563
677,498
678,599
679,520
680,460
681,549
682,477
683,454
684,495
685,427
686,462
687,440
688,375
689,451
690,376
691,315
692,364
693,300
694,243
695,274
696,206
697,162
698,161
699,96
700,18
400,7
401,129
402,212
403,338
404,340
405,415
406,431
407,389
408,505
409,435
410,395
411,499
412,435
413,401
414,485
415,424
416,499
417,462
418,411
419,509
420,435
421,452
422,478
423,421
424,526
425,451
426,423
427,503
428,435
429,546
430,472
431,435
432,521
433,447
434,538
435,494
436,444
437,544
438,466
439,447
440,522
441,457
442,580
443,490
444,446
445,548
446,467
447,581
448,515
449,455
450,578
451,479
452,518
453,543
454,466
455,597
456,505
457,509
458,573
459,473
460,595
461,531
462,501
463,595
464,487
465,550
466,572
467,492
468,588
469,516
470,548
471,584
472,482
473,572
474,558
475,525
476,555
477,496
478,543
479,560
480,507
481,554
482,556
483,539
484,560
485,490
486,553
487,561
488,528
489,560
490,546
491,550
492,566
493,522
494,559
495,560
496,541
497,565
498,533
499,556
500,564
501,539
502,563
503,561
504,548
505,568
506,528
507,561
508,563
509,549
510,566
511,561
512,554
513,565
514,547
515,563
516,562
517,553
518,568
519,560
520,556
521,563
522,553
523,565
524,561
525,555
526,564
527,547
528,556
529,561
530,554
531,565
532,559
533,555
534,561
535,549
536,559
537,559
538,552
539,560
540,557
541,554
542,558
543,548
544,558
545,556
546,586
547,640
548,641
549,695
550,692
551,681
552,733
553,708
554,759
555,736
556,746
557,773
558,739
559,790
560,762
561,777
562,804
563,764
564,799
565,806
566,783
567,811
568,797
569,804
570,819
571,787
572,815
573,824
574,806
575,823
576,818
577,817
578,827
579,801
580,824
581,830
582,816
583,829
584,828
585,824
586,831
587,815
588,828
589,832
590,817
591,830
592,829
593,822
594,831
595,819
596,825
597,831
598,811
599,828
600,823
601,815
602,829
603,811
604,821
605,827
606,805
607,823
608,815
609,806
610,826
611,802
612,814
613,816
614,798
615,819
616,806
617,795
618,815
619,791
620,806
621,805
622,787
623,812
624,791
625,784
626,801
627,774
628,795
629,793
630,772
631,793
632,767
633,771
634,784
635,753
636,777
637,772
638,753
639,766
640,746
641,749
642,764
643,729
644,745
645,761
646,712
647,742
648,757
649,694
650,738
651,744
652,684
653,733
654,715
655,678
656,727
657,687
658,675
659,724
660,659
661,673
662,705
663,632
664,669
665,671
666,602
667,665
668,638
669,571
670,663
671,603
672,540
673,648
674,567
675,526
676,605
677,529
678,529
679,558
680,490
681,533
682,511
683,446
684,532
685,458
686,396
687,479
688,402
689,343
690,406
691,336
692,280
693,323
694,258
695,230
696,219
697,169
698,176
699,98
700,16
400,6
401,137
402,224
403,374
404,365
405,351
406,468
407,415
408,375
409,471
410,422
411,434
412,469
413,414
414,518
415,457
416,406
417,506
418,434
419,471
420,469
421,415
422,515
423,447
424,421
425,492
426,424
427,540
428,467
429,429
430,515
431,444
432,543
433,489
434,442
435,536
436,461
437,477
438,513
439,452
440,565
441,482
442,442
443,537
444,462
445,594
446,504
447,451
448,562
449,471
450,551
451,531
452,460
453,600
454,492
455,515
456,557
457,470
458,594
459,513
460,508
461,598
462,480
463,573
464,547
465,494
466,591
467,500
468,551
469,588
470,488
471,578
472,526
473,545
474,573
475,473
476,544
477,556
478,518
479,555
480,512
481,543
482,561
483,504
484,554
485,557
486,537
487,561
488,503
489,553
490,561
491,530
492,561
493,558
494,549
495,566
496,523
497,559
498,561
499,542
500,565
501,547
502,555
503,564
504,540
505,563
506,560
507,550
508,568
509,531
510,560
511,563
512,550
513,566
514,560
515,553
516,565
517,547
518,561
519,561
520,553
521,567
522,559
523,555
524,562
525,552
526,563
527,559
528,553
529,563
530,547
531,554
532,558
533,551
534,562
535,556
536,552
537,557
538,544
539,551
540,554
541,550
542,559
543,556
544,552
545,556
546,584
547,650
548,655
549,654
550,702
551,685
552,746
553,710
554,733
555,755
556,726
557,783
558,745
559,777
560,785
561,753
562,798
563,783
564,786
565,810
566,775
567,804
568,817
569,791
570,815
571,811
572,809
573,822
574,792
575,819
576,827
577,808
578,825
579,827
580,820
581,829
582,808
583,826
584,831
585,816
586,829
587,831
588,824
589,831
590,820
591,827
592,832
593,813
594,828
595,832
596,815
597,829
598,820
599,822
600,830
601,810
602,825
603,822
604,809
605,827
606,810
607,818
608,824
609,803
610,822
611,813
612,799
613,824
614,799
615,811
616,813
617,794
618,816
619,803
620,791
621,811
622,784
623,801
624,801
625,782
626,808
627,786
628,779
629,795
630,766
631,789
632,788
633,765
634,784
635,759
636,764
637,776
638,740
639,762
640,770
641,735
642,759
643,756
644,731
645,756
646,737
647,727
648,752
649,717
650,722
651,748
652,700
653,717
654,742
655,674
656,711
657,718
658,648
659,706
660,688
661,623
662,702
663,659
664,618
665,698
666,629
667,617
668,672
669,597
670,615
671,635
672,565
673,613
674,597
675,530
676,612
677,554
678,492
679,592
680,513
681,453
682,540
683,467
684,408
685,482
686,414
687,423
688,423
689,359
690,436
691,354
692,293
693,346
694,271
695,223
696,234
697,179
698,135
699,105
700,18
400,7
401,146
402,235
403,268
404,382
405,367
406,466
407,434
408,392
409,497
410,441
411,393
412,494
413,432
414,402
415,480
416,417
417,527
418,454
419,412
420,497
421,429
422,498
423,471
424,424
425,515
426,445
427,442
428,495
429,432
430,539
431,467
432,431
433,517
434,446
435,564
436,488
437,440
438,537
439,461
440,513
441,517
442,452
443,571
444,480
445,456
446,537
447,462
448,594
449,502
450,453
451,564
452,473
453,562
454,533
455,460
456,600
457,493
458,526
459,560
460,472
461,593
462,519
463,517
464,593
465,476
466,570
467,558
468,514
469,585
470,500
471,553
472,581
473,510
474,570
475,544
476,530
477,556
478,477
479,547
480,558
481,520
482,556
483,527
484,543
485,561
486,505
487,555
488,558
489,536
490,561
491,523
492,552
493,562
494,529
495,560
496,558
497,546
498,565
499,518
500,558
501,561
502,542
503,564
504,559
505,552
506,565
507,540
508,561
509,560
510,550
511,566
512,551
513,556
514,562
515,548
516,563
517,559
518,552
519,565
520,543
521,558
522,560
523,552
524,564
525,558
526,553
527,561
528,547
529,559
530,559
531,552
532,565
533,558
534,554
535,559
536,550
537,561
538,557
539,552
540,558
541,541
542,552
543,556
544,547
545,557
546,595
547,615
548,663
549,657
550,718
551,685
552,710
553,736
554,712
555,772
556,732
557,765
558,770
559,751
560,795
561,758
562,786
563,805
564,766
565,803
566,801
567,793
568,814
569,785
570,809
571,821
572,795
573,818
574,824
575,812
576,824
577,804
578,821
579,827
580,809
581,826
582,829
583,821
584,830
585,817
586,826
587,832
588,813
589,829
590,832
591,821
592,830
593,824
594,824
595,830
596,814
597,826
598,830
599,809
600,828
601,818
602,819
603,829
604,807
605,823
606,820
607,804
608,824
609,809
610,812
611,822
612,799
613,817
614,811
615,796
616,820
617,794
618,804
619,809
620,789
621,811
622,800
623,786
624,806
625,776
626,792
627,797
628,775
629,801
630,784
631,773
632,789
633,753
634,775
635,782
636,754
637,774
638,753
639,752
640,767
641,735
642,750
643,764
644,718
645,746
646,761
647,702
648,741
649,748
650,693
651,737
652,731
653,688
654,732
655,704
656,681
657,727
658,677
659,676
660,721
661,651
662,673
663,692
664,620
665,671
666,658
667,590
668,667
669,623
670,560
671,661
672,590
673,529
674,628
675,554
676,536
677,584
678,513
679,539
680,539
681,473
682,540
683,491
684,428
685,517
686,436
687,380
688,451
689,377
690,326
691,377
692,309
693,261
694,289
695,235
696,239
697,189
698,141
699,113
700,17
400,7
401,165
402,250
403,284
404,415
405,389
406,366
407,466
408,415
409,398
410,471
411,416
412,486
413,460
414,407
415,517
416,444
417,409
418,489
419,423
420,519
421,459
422,417
423,509
424,438
425,490
426,478
427,429
428,528
429,452
430,426
431,508
432,438
433,553
434,476
435,436
436,526
437,446
438,555
439,499
440,446
441,553
442,467
443,492
444,524
445,460
446,587
447,488
448,461
449,548
450,471
451,592
452,514
453,457
454,587
455,477
456,542
457,544
458,463
459,594
460,502
461,531
462,580
463,472
464,588
465,526
466,525
467,591
468,485
469,557
470,578
471,515
472,577
473,512
474,551
475,559
476,476
477,549
478,556
479,527
480,556
481,502
482,546
483,561
484,512
485,556
486,556
487,542
488,562
489,497
490,554
491,560
492,533
493,561
494,549
495,550
496,566
497,527
498,559
499,560
500,543
501,565
502,539
503,556
504,562
505,542
506,563
507,560
508,549
509,568
510,537
511,560
512,562
513,549
514,566
515,559
516,554
517,564
518,547
519,562
520,560
521,553
522,567
523,559
524,555
525,561
526,551
527,562
528,559
529,554
530,562
531,543
532,554
533,558
534,551
535,562
536,556
537,552
538,557
539,544
540,552
541,555
542,550
543,558
544,555
545,551
546,600
547,616
548,679
549,667
550,667
551,714
552,696
553,756
554,717
555,745
556,761
557,731
558,788
559,748
560,780
561,792
562,757
563,799
564,792
565,788
566,811
567,777
568,805
569,819
570,790
571,815
572,818
573,809
574,822
575,800
576,819
577,827
578,807
579,825
580,829
581,819
582,828
583,815
584,825
585,831
586,813
587,830
588,832
589,823
590,831
591,822
592,826
593,832
594,813
595,827
596,831
597,812
598,828
599,820
600,820
601,830
602,809
603,824
604,822
605,805
606,826
607,811
608,815
609,824
610,802
611,820
612,812
613,798
614,823
615,796
616,807
617,811
618,792
619,814
620,803
621,789
622,810
623,782
624,797
625,799
626,779
627,804
628,787
629,777
630,793
631,761
632,781
633,785
634,761
635,781
636,759
637,760
638,772
639,730
640,757
641,768
642,723
643,753
644,764
645,719
646,750
647,745
648,714
649,746
650,730
651,710
652,742
653,704
654,703
655,737
656,677
657,698
658,722
659,650
660,693
661,693
662,624
663,688
664,661
665,597
666,684
667,630
668,580
669,677
670,598
671,580
672,638
673,565
674,580
675,597
676,527
677,582
678,552
679,486
680,583
681,508
682,446
683,536
684,460
685,399
686,474
687,408
688,350
689,409
690,350
691,361
692,333
693,279
694,318
695,251
696,192
697,205
698,150
699,91
700,17
