400,1
401,58
402,135
403,209
404,269
405,266
406,377
407,328
408,296
409,383
410,339
411,310
412,385
413,334
414,367
415,377
416,325
417,420
418,357
419,338
420,397
421,338
422,435
423,376
424,350
425,423
426,354
427,444
428,402
429,360
430,447
431,380
432,376
433,434
434,375
435,478
436,403
437,376
438,457
439,388
440,514
441,433
442,388
443,488
444,400
445,472
446,465
447,399
448,531
449,426
450,442
451,492
452,411
453,542
454,460
455,416
456,535
457,425
458,518
459,493
460,416
461,553
462,450
463,503
464,538
465,423
466,549
467,488
468,501
469,553
470,440
471,530
472,545
473,498
474,544
475,487
476,514
477,536
478,459
479,527
480,533
481,506
482,535
483,472
484,524
485,540
486,491
487,534
488,532
489,518
490,539
491,477
492,531
493,536
494,508
495,538
496,521
497,526
498,543
499,504
500,536
501,535
502,518
503,542
504,508
505,531
506,538
507,517
508,539
509,534
510,524
511,544
512,513
513,534
514,536
515,523
516,541
517,533
518,526
519,538
520,521
521,535
522,534
523,526
524,542
525,531
526,527
527,534
528,524
529,537
530,532
531,526
532,535
533,516
534,527
535,532
536,524
537,537
538,530
539,525
540,531
541,518
542,525
543,529
544,521
545,530
546,539
547,575
548,613
549,612
550,659
551,637
552,672
553,681
554,663
555,714
556,682
557,719
558,716
559,712
560,746
561,708
562,739
563,749
564,723
565,756
566,742
567,749
568,767
569,732
570,763
571,775
572,752
573,772
574,768
575,767
576,779
577,744
578,776
579,783
580,765
581,782
582,781
583,776
584,784
585,760
586,781
587,787
588,767
589,784
590,785
591,775
592,786
593,767
594,778
595,785
596,758
597,780
598,779
599,761
600,782
601,761
602,771
603,783
604,749
605,775
606,764
607,749
608,778
609,747
610,763
611,766
612,738
613,769
614,752
615,732
616,768
617,732
618,751
619,749
620,725
621,760
622,735
623,719
624,745
625,711
626,736
627,731
628,706
629,737
630,707
631,701
632,720
633,684
634,713
635,708
636,680
637,699
638,667
639,674
640,688
641,647
642,670
643,684
644,629
645,664
646,679
647,625
648,658
649,655
650,617
651,653
652,636
653,609
654,646
655,607
656,599
657,638
658,578
659,591
660,618
661,550
662,585
663,584
664,519
665,579
666,551
667,489
668,571
669,515
670,464
671,551
672,481
673,461
674,509
675,445
676,456
677,465
678,405
679,450
680,422
681,367
682,446
683,376
684,324
685,387
686,325
687,282
688,330
689,274
690,234
691,266
692,216
693,217
694,194
695,157
696,163
697,120
698,90
699,68
700,13
400,5
401,98
402,172
403,205
404,316
405,297
406,281
407,370
408,325
409,300
410,378
411,328
412,370
413,372
414,324
415,421
416,359
417,329
418,402
419,339
420,414
421,377
422,339
423,425
424,359
425,378
426,403
427,353
428,449
429,379
430,361
431,436
432,365
433,480
434,407
435,372
436,457
437,377
438,472
439,437
440,385
441,490
442,404
443,417
444,465
445,400
446,536
447,430
448,393
449,495
450,412
451,530
452,462
453,404
454,539
455,422
456,493
457,497
458,413
459,549
460,454
461,490
462,541
463,425
464,545
465,487
466,487
467,554
468,444
469,525
470,548
471,483
472,545
473,479
474,524
475,536
476,447
477,525
478,532
479,502
480,533
481,474
482,522
483,538
484,483
485,532
486,531
487,516
488,538
489,469
490,529
491,536
492,505
493,537
494,532
495,524
496,542
497,498
498,535
499,534
500,516
501,541
502,516
503,530
504,538
505,514
506,539
507,534
508,522
509,543
510,506
511,533
512,536
513,521
514,540
515,533
516,526
517,539
518,519
519,536
520,534
521,525
522,542
523,532
524,527
525,535
526,523
527,536
528,532
529,526
530,537
531,515
532,527
533,532
534,524
535,537
536,530
537,526
538,531
539,518
540,526
541,529
542,522
543,531
544,528
545,523
546,560
547,574
548,626
549,617
550,622
551,663
552,648
553,701
554,664
555,695
556,709
557,685
558,735
559,698
560,729
561,742
562,710
563,749
564,744
565,740
566,763
567,727
568,757
569,772
570,743
571,769
572,771
573,762
574,776
575,745
576,773
577,782
578,760
579,779
580,784
581,773
582,783
583,762
584,780
585,786
586,765
587,784
588,787
589,775
590,786
591,772
592,779
593,786
594,759
595,780
596,786
597,760
598,782
599,767
600,770
601,784
602,753
603,775
604,770
605,749
606,778
607,753
608,762
609,773
610,742
611,769
612,757
613,735
614,773
615,737
616,751
617,755
618,729
619,761
620,742
621,723
622,753
623,718
624,736
625,737
626,712
627,748
628,718
629,706
630,728
631,692
632,716
633,715
634,687
635,710
636,682
637,683
638,695
639,650
640,677
641,689
642,646
643,673
644,679
645,640
646,668
647,657
648,633
649,662
650,640
651,628
652,657
653,613
654,618
655,650
656,585
657,609
658,624
659,556
660,602
661,593
662,529
663,596
664,559
665,506
666,588
667,525
668,502
669,563
670,493
671,495
672,524
673,460
674,489
675,483
676,424
677,482
678,441
679,385
680,468
681,398
682,346
683,413
684,351
685,302
686,355
687,304
688,287
689,297
690,253
691,284
692,235
693,195
694,215
695,170
696,128
697,131
698,95
699,57
700,12
400,5
401,74
402,192
403,223
404,234
405,330
406,306
407,288
408,360
409,316
410,373
411,364
412,319
413,417
414,357
415,319
416,405
417,342
418,383
419,380
420,328
421,424
422,358
423,347
424,407
425,340
426,444
427,383
428,360
429,433
430,361
431,471
432,407
433,370
434,460
435,383
436,416
437,441
438,382
439,491
440,408
441,384
442,467
443,397
444,528
445,439
446,394
447,498
448,410
449,497
450,473
451,405
452,547
453,434
454,466
455,503
456,419
457,545
458,463
459,459
460,548
461,429
462,537
463,500
464,455
465,551
466,451
467,518
468,552
469,450
470,547
471,484
472,518
473,548
474,452
475,524
476,534
477,496
478,531
479,478
480,519
481,536
482,477
483,530
484,532
485,511
486,537
487,470
488,527
489,536
490,500
491,536
492,525
493,523
494,541
495,494
496,534
497,534
498,513
499,540
500,516
501,528
502,539
503,512
504,537
505,534
506,521
507,543
508,503
509,533
510,536
511,520
512,540
513,532
514,525
515,538
516,517
517,534
518,533
519,524
520,541
521,531
522,526
523,535
524,522
525,535
526,532
527,525
528,537
529,524
530,527
531,532
532,523
533,535
534,530
535,525
536,532
537,517
538,525
539,529
540,522
541,533
542,528
543,523
544,528
545,514
546,561
547,586
548,594
549,636
550,625
551,672
552,665
553,661
554,698
555,673
556,720
557,689
558,714
559,731
560,701
561,742
562,730
563,731
564,758
565,722
566,752
567,768
568,737
569,765
570,764
571,757
572,773
573,742
574,769
575,779
576,756
577,777
578,782
579,770
580,782
581,761
582,778
583,785
584,763
585,783
586,787
587,775
588,786
589,771
590,780
591,787
592,761
593,782
594,787
595,761
596,783
597,771
598,772
599,784
600,756
601,777
602,776
603,749
604,779
605,759
606,764
607,780
608,745
609,770
610,761
611,739
612,774
613,741
614,755
615,761
616,733
617,763
618,747
619,727
620,761
621,723
622,739
623,743
624,717
625,751
626,731
627,711
628,736
629,699
630,717
631,723
632,694
633,721
634,697
635,690
636,705
637,664
638,687
639,693
640,657
641,680
642,681
643,651
644,674
645,660
646,645
647,670
648,639
649,639
650,666
651,620
652,634
653,660
654,593
655,625
656,634
657,565
658,617
659,602
660,538
661,611
662,572
663,534
664,602
665,540
666,527
667,576
668,508
669,520
670,540
671,474
672,516
673,502
674,440
675,509
676,462
677,403
678,488
679,419
680,366
681,439
682,376
683,327
684,386
685,329
686,331
687,334
688,282
689,331
690,277
691,229
692,261
693,213
694,170
695,187
696,138
697,107
698,103
699,60
700,13
400,5
401,81
402,147
403,247
404,255
405,264
406,338
407,304
408,392
409,347
410,313
411,412
412,350
413,315
414,402
415,343
416,363
417,380
418,326
419,422
420,356
421,341
422,402
423,341
424,445
425,377
426,352
427,432
428,362
429,451
430,405
431,367
432,453
433,382
434,380
435,439
436,378
437,484
438,405
439,381
440,463
441,393
442,519
443,436
444,390
445,496
446,404
447,480
448,468
449,402
450,546
451,432
452,449
453,500
454,416
455,541
456,465
457,433
458,545
459,426
460,521
461,500
462,426
463,551
464,452
465,506
466,554
467,427
468,547
469,491
470,506
471,550
472,441
473,531
474,545
475,490
476,530
477,481
478,515
479,536
480,469
481,528
482,531
483,508
484,535
485,471
486,525
487,537
488,496
489,534
490,531
491,520
492,540
493,487
494,532
495,535
496,511
497,539
498,511
499,528
500,539
501,509
502,537
503,534
504,519
505,542
506,499
507,532
508,536
509,519
510,540
511,533
512,524
513,540
514,516
515,535
516,535
517,524
518,541
519,532
520,527
521,536
522,523
523,536
524,533
525,526
526,539
527,526
528,527
529,534
530,525
531,536
532,531
533,526
534,534
535,518
536,526
537,531
538,523
539,534
540,529
541,524
542,529
543,516
544,526
545,527
546,549
547,594
548,593
549,635
550,644
551,635
552,682
553,659
554,700
555,694
556,690
557,724
558,693
559,735
560,721
561,723
562,753
563,716
564,747
565,761
566,731
567,761
568,757
569,753
570,771
571,735
572,767
573,777
574,755
575,776
576,779
577,769
578,781
579,754
580,778
581,785
582,765
583,782
584,786
585,776
586,786
587,767
588,781
589,787
590,762
591,784
592,788
593,770
594,785
595,774
596,774
597,785
598,758
599,778
600,779
601,753
602,781
603,761
604,767
605,782
606,748
607,774
608,763
609,742
610,777
611,745
612,758
613,765
614,737
615,766
616,751
617,730
618,766
619,729
620,743
621,748
622,721
623,755
624,735
625,715
626,742
627,706
628,725
629,728
630,701
631,731
632,706
633,696
634,714
635,676
636,700
637,702
638,672
639,686
640,675
641,665
642,683
643,656
644,660
645,678
646,636
647,654
648,673
649,616
650,648
651,668
652,598
653,641
654,638
655,580
656,633
657,607
658,571
659,625
660,577
661,566
662,619
663,546
664,559
665,583
666,515
667,551
668,547
669,483
670,545
671,510
672,452
673,538
674,474
675,418
676,505
677,434
678,396
679,456
680,394
681,397
682,408
683,351
684,391
685,357
686,304
687,370
688,305
689,256
690,304
691,248
692,204
693,232
694,182
695,149
696,149
697,114
698,107
699,64
700,15
400,6
401,89
402,158
403,214
404,280
405,273
406,383
407,332
408,299
409,387
410,341
411,312
412,388
413,336
414,361
415,379
416,326
417,421
418,358
419,337
420,399
421,339
422,438
423,378
424,350
425,426
426,357
427,425
428,407
429,359
430,450
431,382
432,364
433,438
434,375
435,483
436,408
437,376
438,461
439,388
440,492
441,440
442,389
443,493
444,404
445,459
446,467
447,399
448,536
449,430
450,430
451,497
452,412
453,540
454,463
455,408
456,541
457,424
458,509
459,497
460,416
461,552
462,454
463,500
464,543
465,423
466,548
467,489
468,500
469,552
470,441
471,529
472,549
473,499
474,543
475,488
476,514
477,534
478,461
479,527
480,531
481,506
482,535
483,470
484,524
485,537
486,492
487,534
488,531
489,520
490,539
491,483
492,532
493,534
494,509
495,538
496,506
497,528
498,538
499,507
500,537
501,533
502,518
503,542
504,495
505,532
506,536
507,518
508,539
509,532
510,523
511,540
512,515
513,536
514,534
515,524
516,542
517,532
518,526
519,536
520,522
521,537
522,533
523,526
524,539
525,516
526,526
527,533
528,524
529,538
530,531
531,526
532,533
533,519
534,530
535,530
536,524
537,534
538,529
539,524
540,530
541,519
542,529
543,528
544,521
545,528
546,538
547,574
548,612
549,611
550,657
551,637
552,677
553,680
554,663
555,712
556,681
557,722
558,715
559,715
560,747
561,708
562,741
563,749
564,726
565,757
566,743
567,749
568,768
569,733
570,764
571,775
572,752
573,773
574,768
575,768
576,779
577,745
578,776
579,783
580,765
581,782
582,782
583,776
584,785
585,762
586,782
587,787
588,767
589,785
590,785
591,776
592,786
593,768
594,778
595,786
596,759
597,781
598,779
599,763
600,783
601,760
602,771
603,783
604,750
605,776
606,765
607,751
608,779
609,748
610,765
611,767
612,739
613,770
614,751
615,738
616,767
617,732
618,755
619,750
620,726
621,762
622,730
623,721
624,745
625,713
626,740
627,732
628,708
629,736
630,703
631,703
632,721
633,688
634,720
635,706
636,684
637,701
638,663
639,680
640,693
641,646
642,676
643,689
644,640
645,670
646,676
647,632
648,665
649,655
650,625
651,660
652,634
653,617
654,652
655,605
656,608
657,645
658,576
659,601
660,615
661,549
662,594
663,581
664,517
665,589
666,548
667,487
668,582
669,513
670,487
671,548
672,480
673,483
674,507
675,444
676,477
677,464
678,405
679,470
680,422
681,366
682,444
683,376
684,326
685,387
686,326
687,284
688,330
689,275
690,259
691,266
692,217
693,256
694,195
695,158
696,163
697,121
698,91
699,69
700,14
400,6
401,101
402,171
403,204
404,306
405,294
406,278
407,361
408,321
409,353
410,371
411,325
412,417
413,365
414,320
415,419
416,353
417,336
418,393
419,336
420,430
421,370
422,345
423,423
424,353
425,443
426,391
427,359
428,443
429,371
430,407
431,423
432,369
433,469
434,398
435,374
436,451
437,381
438,507
439,425
440,385
441,480
442,395
443,491
444,453
445,399
446,513
447,418
448,444
449,483
450,411
451,543
452,446
453,425
454,519
455,420
456,534
457,485
458,410
459,553
460,441
461,503
462,523
463,422
464,548
465,471
466,502
467,556
468,434
469,545
470,517
471,498
472,547
473,461
474,528
475,536
476,462
477,527
478,521
479,507
480,534
481,455
482,525
483,535
484,492
485,534
486,505
487,521
488,539
489,484
490,531
491,533
492,511
493,538
494,495
495,528
496,537
497,506
498,537
499,532
500,520
501,542
502,499
503,533
504,535
505,517
506,540
507,532
508,522
509,539
510,515
511,536
512,534
513,523
514,542
515,532
516,528
517,536
518,521
519,537
520,532
521,525
522,539
523,516
524,529
525,533
526,524
527,538
528,531
529,527
530,535
531,519
532,529
533,531
534,524
535,538
536,529
537,525
538,530
539,519
540,530
541,528
542,522
543,530
544,513
545,523
546,560
547,575
548,624
549,608
550,636
551,661
552,648
553,701
554,668
555,703
556,707
557,689
558,739
559,700
560,734
561,739
562,717
563,753
564,730
565,744
566,765
567,728
568,761
569,772
570,749
571,771
572,760
573,766
574,779
575,746
576,776
577,784
578,766
579,782
580,778
581,777
582,786
583,759
584,783
585,789
586,772
587,787
588,783
589,779
590,788
591,767
592,783
593,789
594,760
595,784
596,782
597,769
598,785
599,763
600,776
601,786
602,753
603,780
604,768
605,761
606,782
607,752
608,770
609,770
610,744
611,775
612,756
613,748
614,772
615,738
616,761
617,754
618,732
619,768
620,736
621,732
622,750
623,720
624,748
625,737
626,714
627,744
628,709
629,709
630,728
631,696
632,730
633,714
634,691
635,711
636,675
637,687
638,698
639,658
640,682
641,691
642,654
643,677
644,671
645,647
646,672
647,650
648,640
649,667
650,634
651,635
652,662
653,607
654,627
655,650
656,579
657,618
658,619
659,552
660,610
661,588
662,528
663,603
664,555
665,526
666,597
667,522
668,519
669,557
670,491
671,511
672,519
673,457
674,505
675,479
676,421
677,499
678,437
679,382
680,461
681,394
682,344
683,409
684,349
685,316
686,353
687,302
688,323
689,296
690,252
691,293
692,232
693,194
694,212
695,168
696,128
697,130
698,95
699,58
700,13
400,6
401,75
402,191
403,222
404,233
405,326
406,304
407,327
408,355
409,312
410,400
411,359
412,314
413,414
414,352
415,325
416,398
417,338
418,412
419,373
420,334
421,421
422,352
423,384
424,398
425,346
426,439
427,376
428,360
429,430
430,361
431,473
432,399
433,370
434,455
435,376
436,462
437,427
438,381
439,483
440,400
441,407
442,459
443,396
444,524
445,429
446,391
447,487
448,408
449,525
450,460
451,402
452,527
453,422
454,485
455,488
456,414
457,550
458,447
459,481
460,529
461,425
462,546
463,480
464,477
465,552
466,438
467,524
468,529
469,474
470,548
471,468
472,521
473,548
474,475
475,526
476,531
477,502
478,531
479,458
480,521
481,536
482,485
483,531
484,517
485,516
486,537
487,473
488,529
489,533
490,503
491,537
492,501
493,526
494,538
495,500
496,535
497,532
498,514
499,540
500,489
501,531
502,536
503,514
504,538
505,532
506,521
507,543
508,509
509,534
510,534
511,521
512,541
513,531
514,525
515,537
516,520
517,537
518,532
519,525
520,540
521,517
522,528
523,533
524,523
525,537
526,530
527,525
528,534
529,519
530,528
531,531
532,523
533,537
534,529
535,524
536,531
537,519
538,529
539,528
540,522
541,531
542,527
543,523
544,527
545,516
546,567
547,585
548,594
549,635
550,625
551,677
552,652
553,669
554,696
555,673
556,723
557,687
558,718
559,729
560,701
561,745
562,723
563,734
564,759
565,723
566,754
567,767
568,741
569,766
570,758
571,759
572,774
573,740
574,771
575,780
576,761
577,778
578,779
579,773
580,783
581,755
582,780
583,786
584,767
585,784
586,784
587,778
588,786
589,766
590,782
591,788
592,760
593,783
594,785
595,766
596,784
597,768
598,775
599,785
600,756
601,778
602,772
603,756
604,781
605,754
606,768
607,776
608,745
609,773
610,760
611,742
612,776
613,741
614,758
615,759
616,733
617,765
618,745
619,728
620,758
621,724
622,745
623,742
624,718
625,754
626,723
627,712
628,735
629,701
630,727
631,723
632,697
633,720
634,690
635,692
636,706
637,670
638,691
639,692
640,663
641,682
642,673
643,657
644,678
645,653
646,651
647,673
648,633
649,645
650,668
651,617
652,639
653,662
654,590
655,629
656,630
657,564
658,622
659,598
660,549
661,616
662,567
663,545
664,608
665,535
666,540
667,570
668,504
669,532
670,533
671,470
672,527
673,496
674,436
675,520
676,457
677,399
678,482
679,415
680,363
681,434
682,372
683,364
684,382
685,326
686,361
687,331
688,280
689,331
690,275
691,229
692,258
693,211
694,169
695,185
696,137
697,106
698,103
699,60
700,13
400,6
401,82
402,147
403,246
404,254
405,299
406,335
407,301
408,404
409,344
410,310
411,406
412,346
413,319
414,395
415,340
416,389
417,376
418,326
419,420
420,353
421,360
422,397
423,337
424,440
425,374
426,353
427,429
428,357
429,464
430,400
431,367
432,449
433,378
434,421
435,432
436,378
437,479
438,402
439,380
440,460
441,393
442,524
443,433
444,390
445,492
446,405
447,497
448,466
449,401
450,533
451,427
452,461
453,495
454,414
455,543
456,458
457,451
458,534
459,424
460,539
461,491
462,448
463,552
464,445
465,511
466,539
467,430
468,548
469,483
470,512
471,550
472,431
473,539
474,536
475,494
476,530
477,475
478,516
479,535
480,471
481,528
482,530
483,509
484,534
485,468
486,525
487,536
488,496
489,534
490,525
491,521
492,540
493,488
494,532
495,533
496,510
497,538
498,514
499,526
500,538
501,507
502,536
503,533
504,518
505,541
506,505
507,531
508,535
509,518
510,539
511,532
512,523
513,538
514,515
515,533
516,533
517,523
518,540
519,531
520,525
521,535
522,522
523,535
524,532
525,525
526,537
527,520
528,525
529,532
530,524
531,536
532,529
533,524
534,532
535,518
536,525
537,529
538,522
539,532
540,527
541,523
542,528
543,516
544,526
545,526
546,547
547,593
548,592
549,636
550,643
551,635
552,681
553,659
554,701
555,694
556,692
557,723
558,693
559,736
560,718
561,724
562,754
563,715
564,747
565,760
566,732
567,761
568,754
569,754
570,771
571,736
572,767
573,778
574,755
575,775
576,776
577,770
578,781
579,753
580,778
581,785
582,765
583,783
584,786
585,776
586,786
587,766
588,781
589,787
590,763
591,784
592,788
593,771
594,785
595,772
596,775
597,786
598,758
599,779
600,778
601,756
602,781
603,761
604,768
605,783
606,748
607,774
608,763
609,742
610,777
611,745
612,760
613,765
614,738
615,766
616,750
617,731
618,765
619,729
620,746
621,748
622,722
623,757
624,733
625,717
626,742
627,708
628,729
629,728
630,702
631,731
632,704
633,697
634,715
635,677
636,703
637,704
638,673
639,687
640,675
641,667
642,684
643,656
644,661
645,679
646,636
647,656
648,674
649,616
650,650
651,666
652,596
653,644
654,633
655,586
656,635
657,603
658,578
659,629
660,574
661,572
662,618
663,545
664,563
665,582
666,514
667,555
668,546
669,482
670,549
671,509
672,451
673,542
674,473
675,417
676,503
677,434
678,407
679,455
680,394
681,405
682,408
683,351
684,401
685,356
686,304
687,369
688,304
689,257
690,303
691,247
692,204
693,232
694,182
695,150
696,150
697,115
698,112
699,64
700,13
400,5
401,89
402,158
403,228
404,279
405,273
406,380
407,331
408,299
409,387
410,342
411,313
412,389
413,337
414,366
415,380
416,326
417,422
418,360
419,338
420,401
421,340
422,437
423,380
424,350
425,427
426,359
427,408
428,409
429,360
430,451
431,384
432,365
433,440
434,374
435,485
436,410
437,376
438,462
439,385
440,485
441,442
442,390
443,497
444,408
445,432
446,471
447,401
448,539
449,437
450,404
451,503
452,414
453,533
454,469
455,405
456,551
457,429
458,497
459,501
460,418
461,550
462,458
463,493
464,552
465,425
466,546
467,496
468,494
469,551
470,444
471,527
472,551
473,493
474,542
475,491
476,511
477,533
478,454
479,525
480,530
481,502
482,533
483,475
484,521
485,538
486,488
487,532
488,530
489,515
490,537
491,469
492,529
493,534
494,506
495,536
496,524
497,524
498,541
499,501
500,534
501,533
502,516
503,540
504,513
505,528
506,536
507,515
508,537
509,532
510,522
511,542
512,510
513,532
514,534
515,521
516,539
517,531
518,524
519,536
520,520
521,534
522,532
523,524
524,540
525,530
526,525
527,533
528,522
529,535
530,530
531,524
532,533
533,516
534,525
535,530
536,522
537,536
538,528
539,523
540,529
541,516
542,526
543,527
544,519
545,527
546,531
547,573
548,612
549,611
550,658
551,636
552,672
553,681
554,663
555,714
556,681
557,720
558,716
559,711
560,746
561,708
562,740
563,750
564,723
565,757
566,745
567,748
568,768
569,732
570,763
571,775
572,751
573,773
574,771
575,767
576,779
577,747
578,776
579,784
580,765
581,782
582,783
583,776
584,785
585,762
586,782
587,788
588,768
589,785
590,786
591,776
592,786
593,770
594,778
595,786
596,759
597,781
598,780
599,762
600,782
601,762
602,772
603,784
604,750
605,776
606,764
607,753
608,779
609,748
610,765
611,766
612,739
613,770
614,752
615,740
616,767
617,733
618,755
619,750
620,726
621,762
622,731
623,721
624,745
625,714
626,742
627,732
628,709
629,736
630,703
631,704
632,722
633,689
634,719
635,704
636,685
637,701
638,662
639,679
640,692
641,644
642,675
643,687
644,639
645,669
646,672
647,634
648,664
649,649
650,627
651,659
652,629
653,620
654,652
655,601
656,609
657,644
658,572
659,602
660,611
661,544
662,596
663,578
664,513
665,590
666,544
667,493
668,582
669,510
670,491
671,544
672,477
673,486
674,502
675,441
676,479
677,460
678,402
679,471
680,418
681,364
682,440
683,373
684,323
685,383
686,323
687,280
688,327
689,272
690,272
691,264
692,215
693,254
694,193
695,157
696,160
697,120
698,89
699,68
700,14
400,6
401,99
402,170
403,204
404,308
405,295
406,279
407,363
408,322
409,331
410,372
411,325
412,403
413,365
414,319
415,418
416,353
417,334
418,395
419,336
420,430
421,370
422,343
423,422
424,352
425,431
426,392
427,357
428,442
429,369
430,388
431,423
432,367
433,468
434,397
435,372
436,450
437,380
438,509
439,423
440,383
441,478
442,393
443,482
444,452
445,398
446,515
447,418
448,437
449,482
450,410
451,540
452,446
453,416
454,520
455,419
456,528
457,484
458,409
459,551
460,439
461,502
462,520
463,420
464,547
465,466
466,501
467,555
468,432
469,542
470,518
471,495
472,546
473,457
474,526
475,535
476,462
477,526
478,520
479,506
480,532
481,454
482,523
483,534
484,490
485,531
486,508
487,518
488,537
489,481
490,530
491,532
492,506
493,537
494,498
495,526
496,537
497,504
498,535
499,531
500,515
501,540
502,492
503,531
504,534
505,515
506,538
507,531
508,521
509,538
510,513
511,535
512,533
513,521
514,540
515,530
516,527
517,535
518,519
519,536
520,531
521,524
522,537
523,516
524,528
525,532
526,523
527,537
528,529
529,525
530,533
531,518
532,529
533,529
534,522
535,533
536,528
537,524
538,529
539,518
540,530
541,527
542,520
543,528
544,507
545,521
546,558
547,573
548,622
549,607
550,636
551,659
552,646
553,698
554,666
555,704
556,705
557,691
558,736
559,698
560,734
561,737
562,718
563,752
564,726
565,744
566,765
567,728
568,760
569,771
570,749
571,770
572,758
573,765
574,778
575,744
576,774
577,782
578,765
579,780
580,778
581,776
582,784
583,758
584,781
585,787
586,770
587,785
588,782
589,778
590,787
591,766
592,781
593,788
594,759
595,782
596,781
597,766
598,784
599,762
600,774
601,784
602,753
603,778
604,767
605,756
606,780
607,751
608,767
609,769
610,743
611,773
612,753
613,745
614,771
615,737
616,758
617,753
618,730
619,765
620,736
621,725
622,750
623,720
624,746
625,736
626,714
627,744
628,709
629,709
630,728
631,697
632,730
633,713
634,692
635,711
636,673
637,688
638,698
639,660
640,682
641,690
642,654
643,677
644,669
645,649
646,673
647,649
648,642
649,668
650,634
651,637
652,663
653,607
654,628
655,649
656,579
657,620
658,616
659,551
660,612
661,586
662,533
663,606
664,553
665,529
666,593
667,520
668,523
669,554
670,488
671,515
672,516
673,455
674,509
675,477
676,419
677,504
678,434
679,381
680,459
681,393
682,342
683,408
684,348
685,330
686,352
687,303
688,329
689,296
690,253
691,294
692,233
693,195
694,212
695,168
696,128
697,130
698,95
699,58
700,14
