400,1
401,100
402,189
403,231
404,348
405,332
406,315
407,406
408,361
409,359
410,414
411,363
412,439
413,405
414,357
415,458
416,391
417,364
418,431
419,371
420,469
421,405
422,372
423,455
424,386
425,459
426,426
427,385
428,474
429,402
430,407
431,454
432,394
433,499
434,428
435,395
436,478
437,406
438,527
439,453
440,407
441,505
442,422
443,480
444,480
445,421
446,541
447,445
448,436
449,505
450,432
451,554
452,470
453,420
454,540
455,440
456,527
457,503
458,428
459,561
460,462
461,505
462,535
463,436
464,555
465,486
466,502
467,561
468,446
469,538
470,530
471,498
472,550
473,469
474,528
475,535
476,464
477,525
478,524
479,506
480,533
481,462
482,524
483,535
484,491
485,531
486,519
487,518
488,537
489,479
490,530
491,533
492,508
493,537
494,509
495,526
496,538
497,504
498,535
499,533
500,517
501,541
502,498
503,531
504,536
505,516
506,538
507,533
508,523
509,540
510,515
511,535
512,535
513,524
514,541
515,533
516,527
517,537
518,522
519,537
520,534
521,526
522,539
523,515
524,528
525,534
526,525
527,538
528,532
529,528
530,535
531,520
532,529
533,532
534,525
535,536
536,530
537,526
538,531
539,521
540,531
541,529
542,523
543,530
544,515
545,524
546,566
547,582
548,636
549,620
550,646
551,674
552,659
553,715
554,680
555,717
556,719
557,702
558,753
559,712
560,747
561,751
562,728
563,765
564,744
565,757
566,777
567,741
568,773
569,783
570,762
571,783
572,768
573,778
574,789
575,761
576,786
577,793
578,778
579,792
580,787
581,788
582,796
583,772
584,793
585,798
586,784
587,796
588,792
589,790
590,798
591,779
592,794
593,798
594,775
595,794
596,792
597,783
598,795
599,777
600,788
601,796
602,769
603,790
604,781
605,776
606,793
607,768
608,783
609,783
610,762
611,787
612,772
613,764
614,785
615,756
616,774
617,770
618,751
619,780
620,757
621,747
622,768
623,742
624,764
625,757
626,738
627,763
628,735
629,734
630,750
631,721
632,749
633,740
634,718
635,736
636,704
637,716
638,726
639,688
640,712
641,721
642,684
643,708
644,703
645,678
646,703
647,683
648,673
649,699
650,668
651,668
652,695
653,643
654,660
655,688
656,616
657,653
658,657
659,589
660,647
661,627
662,563
663,642
664,595
665,560
666,636
667,563
668,556
669,600
670,531
671,550
672,564
673,499
674,544
675,525
676,464
677,538
678,483
679,425
680,515
681,441
682,386
683,461
684,394
685,342
686,403
687,346
688,340
689,343
690,292
691,343
692,274
693,229
694,255
695,203
696,154
697,160
698,117
699,70
700,15
400,6
401,91
402,224
403,256
404,266
405,367
406,341
407,364
408,395
409,349
410,441
411,398
412,350
413,453
414,388
415,356
416,434
417,372
418,448
419,408
420,364
421,454
422,384
423,418
424,430
425,375
426,471
427,405
428,384
429,456
430,389
431,499
432,424
433,393
434,479
435,400
436,497
437,450
438,403
439,504
440,422
441,445
442,478
443,416
444,536
445,447
446,408
447,502
448,427
449,546
450,476
451,418
452,538
453,438
454,506
455,501
456,429
457,560
458,460
459,490
460,537
461,438
462,555
463,491
464,484
465,558
466,449
467,527
468,536
469,481
470,551
471,474
472,523
473,549
474,480
475,524
476,529
477,502
478,530
479,463
480,519
481,535
482,487
483,529
484,521
485,514
486,535
487,472
488,528
489,533
490,503
491,535
492,508
493,524
494,540
495,499
496,533
497,532
498,515
499,539
500,501
501,530
502,536
503,514
504,536
505,532
506,521
507,541
508,508
509,533
510,534
511,521
512,539
513,532
514,525
515,536
516,520
517,535
518,533
519,525
520,541
521,528
522,527
523,534
524,524
525,536
526,531
527,526
528,535
529,520
530,527
531,531
532,524
533,536
534,530
535,525
536,531
537,520
538,530
539,529
540,523
541,531
542,527
543,524
544,528
545,517
546,573
547,593
548,602
549,647
550,636
551,692
552,667
553,681
554,709
555,685
556,737
557,701
558,731
559,742
560,712
561,758
562,739
563,747
564,772
565,735
566,767
567,778
568,754
569,779
570,768
571,773
572,786
573,754
574,783
575,792
576,773
577,790
578,790
579,784
580,794
581,770
582,791
583,797
584,782
585,795
586,794
587,790
588,797
589,780
590,794
591,799
592,776
593,795
594,795
595,781
596,796
597,783
598,788
599,797
600,773
601,792
602,787
603,774
604,793
605,772
606,782
607,789
608,764
609,787
610,776
611,762
612,789
613,760
614,775
615,775
616,754
617,781
618,765
619,751
620,774
621,746
622,764
623,762
624,741
625,772
626,744
627,738
628,755
629,726
630,751
631,746
632,724
633,744
634,713
635,721
636,734
637,701
638,721
639,717
640,696
641,714
642,699
643,692
644,711
645,680
646,688
647,707
648,661
649,682
650,703
651,645
652,677
653,689
654,619
655,669
656,659
657,602
658,663
659,630
660,595
661,658
662,600
663,593
664,641
665,570
666,589
667,605
668,538
669,584
670,570
671,505
672,579
673,534
674,472
675,572
676,495
677,435
678,522
679,453
680,426
681,475
682,411
683,426
684,424
685,364
686,423
687,371
688,315
689,374
690,312
691,261
692,297
693,244
694,197
695,218
696,163
697,126
698,124
699,73
700,14
400,6
401,97
402,170
403,279
404,286
405,367
406,370
407,334
408,437
409,377
410,340
411,435
412,377
413,353
414,423
415,368
416,455
417,402
418,361
419,450
420,379
421,430
422,419
423,373
424,466
425,395
426,385
427,445
428,386
429,486
430,417
431,389
432,467
433,395
434,508
435,442
436,399
437,491
438,416
439,447
440,472
441,412
442,526
443,441
444,404
445,498
446,423
447,546
448,466
449,413
450,530
451,433
452,510
453,497
454,425
455,559
456,458
457,488
458,524
459,433
460,557
461,484
462,482
463,561
464,442
465,536
466,523
467,477
468,555
469,470
470,523
471,554
472,472
473,543
474,508
475,504
476,530
477,453
478,520
479,534
480,490
481,529
482,501
483,516
484,534
485,475
486,528
487,531
488,508
489,535
490,487
491,526
492,535
493,502
494,534
495,531
496,519
497,539
498,492
499,531
500,534
501,514
502,538
503,531
504,525
505,538
506,512
507,535
508,533
509,521
510,541
511,516
512,530
513,535
514,521
515,538
516,533
517,525
518,538
519,518
520,532
521,533
522,525
523,539
524,531
525,526
526,534
527,522
528,533
529,532
530,526
531,536
532,530
533,526
534,531
535,522
536,534
537,529
538,524
539,531
540,514
541,525
542,528
543,521
544,530
545,527
546,553
547,600
548,604
549,661
550,641
551,651
552,689
553,669
554,725
555,688
556,719
557,729
558,702
559,756
560,718
561,746
562,763
563,727
564,766
565,763
566,754
567,777
568,747
569,771
570,785
571,756
572,783
573,790
574,774
575,789
576,770
577,785
578,794
579,771
580,791
581,796
582,784
583,795
584,788
585,792
586,798
587,777
588,795
589,800
590,786
591,797
592,791
593,789
594,798
595,778
596,791
597,798
598,773
599,794
600,785
601,782
602,795
603,772
604,787
605,787
606,765
607,791
608,774
609,774
610,792
611,762
612,782
613,775
614,757
615,785
616,759
617,764
618,774
619,750
620,774
621,764
622,745
623,772
624,739
625,748
626,759
627,734
628,762
629,749
630,731
631,749
632,714
633,727
634,739
635,711
636,732
637,716
638,709
639,720
640,690
641,704
642,718
643,673
644,700
645,714
646,657
647,696
648,699
649,651
650,691
651,681
652,647
653,685
654,653
655,640
656,679
657,625
658,634
659,669
660,596
661,629
662,636
663,568
664,622
665,605
666,539
667,616
668,571
669,508
670,611
671,536
672,502
673,573
674,501
675,501
676,531
677,463
678,499
679,485
680,424
681,496
682,439
683,381
684,460
685,388
686,334
687,401
688,335
689,285
690,336
691,277
692,251
693,261
694,207
695,239
696,172
697,132
698,132
699,75
700,14
400,5
401,102
402,178
403,301
404,303
405,296
406,397
407,354
408,331
409,403
410,362
411,414
412,404
413,355
414,458
415,394
416,357
417,437
418,374
419,441
420,408
421,367
422,454
423,389
424,410
425,430
426,377
427,478
428,411
429,383
430,460
431,392
432,505
433,431
434,396
435,479
436,406
437,476
438,457
439,407
440,508
441,429
442,418
443,485
444,417
445,552
446,452
447,409
448,511
449,429
450,533
451,482
452,419
453,551
454,445
455,490
456,512
457,430
458,558
459,467
460,485
461,547
462,440
463,552
464,499
465,477
466,559
467,456
468,525
469,547
470,474
471,548
472,488
473,520
474,546
475,440
476,521
477,530
478,496
479,530
480,476
481,518
482,535
483,481
484,528
485,530
486,511
487,535
488,470
489,526
490,533
491,503
492,534
493,523
494,522
495,539
496,497
497,533
498,533
499,514
500,538
501,510
502,528
503,536
504,512
505,536
506,532
507,521
508,540
509,506
510,532
511,535
512,521
513,538
514,532
515,525
516,537
517,519
518,534
519,533
520,525
521,540
522,531
523,527
524,535
525,524
526,536
527,531
528,526
529,536
530,519
531,526
532,531
533,523
534,536
535,529
536,525
537,531
538,518
539,528
540,529
541,523
542,531
543,527
544,522
545,528
546,551
547,610
548,617
549,618
550,662
551,648
552,706
553,671
554,696
555,717
556,691
557,744
558,708
559,739
560,749
561,717
562,761
563,745
564,751
565,775
566,739
567,769
568,783
569,757
570,780
571,772
572,775
573,788
574,756
575,785
576,793
577,775
578,791
579,791
580,785
581,795
582,771
583,792
584,798
585,782
586,796
587,796
588,790
589,798
590,781
591,793
592,799
593,776
594,794
595,797
596,781
597,796
598,783
599,788
600,797
601,772
602,791
603,785
604,772
605,793
606,770
607,782
608,788
609,764
610,786
611,775
612,760
613,788
614,760
615,774
616,774
617,753
618,780
619,764
620,749
621,772
622,743
623,763
624,760
625,739
626,768
627,742
628,736
629,753
630,723
631,749
632,744
633,721
634,740
635,711
636,718
637,730
638,694
639,714
640,723
641,690
642,711
643,703
644,685
645,708
646,682
647,681
648,703
649,661
650,675
651,699
652,645
653,668
654,690
655,619
656,660
657,659
658,592
659,655
660,628
661,581
662,650
663,597
664,577
665,642
666,567
667,574
668,603
669,533
670,570
671,565
672,501
673,565
674,527
675,467
676,561
677,486
678,429
679,515
680,445
681,390
682,466
683,400
684,393
685,411
686,350
687,396
688,355
689,299
690,362
691,292
692,240
693,279
694,218
695,178
696,183
697,138
698,104
699,78
700,13
400,5
401,109
402,188
403,222
404,323
405,313
406,398
407,376
408,338
409,437
410,384
411,340
412,435
413,376
414,355
415,423
416,365
417,467
418,399
419,364
420,446
421,378
422,444
423,419
424,376
425,462
426,395
427,399
428,445
429,385
430,486
431,418
432,387
433,469
434,396
435,515
436,442
437,398
438,492
439,416
440,465
441,474
442,411
443,528
444,437
445,417
446,496
447,422
448,549
449,464
450,416
451,529
452,434
453,514
454,497
455,424
456,562
457,456
458,491
459,526
460,436
461,556
462,483
463,486
464,560
465,440
466,535
467,527
468,481
469,553
470,470
471,524
472,552
473,476
474,541
475,528
476,502
477,530
478,455
479,520
480,535
481,488
482,529
483,511
484,515
485,535
486,475
487,528
488,532
489,507
490,535
491,497
492,525
493,536
494,502
495,534
496,532
497,518
498,539
499,487
500,531
501,535
502,515
503,538
504,531
505,524
506,539
507,512
508,534
509,533
510,522
511,540
512,527
513,529
514,536
515,521
516,537
517,532
518,525
519,538
520,517
521,531
522,533
523,525
524,538
525,531
526,526
527,534
528,522
529,533
530,532
531,525
532,536
533,530
534,526
535,531
536,522
537,533
538,529
539,524
540,531
541,513
542,524
543,528
544,519
545,529
546,562
547,581
548,625
549,621
550,678
551,649
552,672
553,699
554,676
555,734
556,695
557,728
558,735
559,717
560,758
561,721
562,750
563,770
564,731
565,768
566,769
567,756
568,779
569,753
570,773
571,786
572,758
573,783
574,791
575,777
576,790
577,774
578,786
579,794
580,771
581,792
582,797
583,786
584,797
585,789
586,792
587,799
588,777
589,796
590,799
591,785
592,797
593,790
594,788
595,797
596,778
597,791
598,797
599,772
600,794
601,783
602,781
603,795
604,770
605,788
606,785
607,765
608,790
609,773
610,774
611,787
612,761
613,781
614,773
615,756
616,785
617,754
618,765
619,771
620,748
621,773
622,761
623,744
624,767
625,735
626,751
627,756
628,732
629,762
630,741
631,728
632,746
633,709
634,729
635,736
636,708
637,728
638,706
639,704
640,719
641,688
642,701
643,716
644,670
645,696
646,712
647,652
648,691
649,699
650,643
651,686
652,680
653,638
654,680
655,651
656,630
657,675
658,622
659,624
660,665
661,594
662,619
663,633
664,563
665,613
666,599
667,533
668,608
669,564
670,504
671,601
672,530
673,481
674,565
675,494
676,481
677,520
678,454
679,478
680,476
681,414
682,475
683,428
684,370
685,447
686,375
687,325
688,385
689,320
690,275
691,315
692,255
693,214
694,234
695,189
696,200
697,147
698,109
699,84
700,13
400,5
401,103
402,203
403,237
404,356
405,336
406,316
407,409
408,362
409,334
410,417
411,365
412,410
413,408
414,358
415,460
416,394
417,360
418,436
419,373
420,457
421,409
422,370
423,456
424,389
425,420
426,429
427,382
428,476
429,404
430,384
431,460
432,392
433,501
434,430
435,394
436,478
437,404
438,512
439,455
440,405
441,506
442,422
443,468
444,479
445,418
446,539
447,444
448,433
449,504
450,430
451,551
452,472
453,418
454,539
455,437
456,527
457,502
458,425
459,558
460,461
461,501
462,540
463,436
464,553
465,490
466,498
467,559
468,449
469,529
470,540
471,492
472,547
473,476
474,525
475,533
476,454
477,523
478,529
479,503
480,531
481,471
482,521
483,536
484,487
485,530
486,526
487,517
488,536
489,475
490,528
491,533
492,506
493,535
494,513
495,525
496,538
497,502
498,534
499,532
500,516
501,539
502,503
503,530
504,536
505,515
506,537
507,532
508,522
509,541
510,511
511,533
512,534
513,522
514,540
515,532
516,526
517,536
518,520
519,535
520,533
521,525
522,541
523,531
524,527
525,533
526,523
527,536
528,531
529,526
530,535
531,517
532,526
533,531
534,524
535,536
536,530
537,525
538,530
539,518
540,528
541,529
542,521
543,530
544,527
545,523
546,565
547,581
548,637
549,622
550,636
551,675
552,659
553,719
554,680
555,711
556,721
557,696
558,752
559,712
560,744
561,755
562,722
563,764
564,753
565,754
566,776
567,742
568,772
569,784
570,758
571,782
572,779
573,776
574,788
575,758
576,786
577,794
578,776
579,792
580,793
581,787
582,795
583,774
584,793
585,798
586,783
587,797
588,796
589,790
590,798
591,781
592,793
593,799
594,775
595,794
596,795
597,780
598,796
599,781
600,787
601,797
602,771
603,790
604,783
605,773
606,793
607,769
608,782
609,785
610,762
611,786
612,773
613,762
614,788
615,757
616,774
617,772
618,751
619,779
620,759
621,747
622,769
623,742
624,763
625,758
626,738
627,764
628,737
629,734
630,750
631,721
632,748
633,741
634,718
635,737
636,707
637,715
638,726
639,686
640,711
641,721
642,683
643,708
644,706
645,677
646,704
647,685
648,672
649,699
650,671
651,666
652,694
653,646
654,657
655,687
656,619
657,651
658,660
659,591
660,645
661,629
662,564
663,640
664,595
665,556
666,635
667,564
668,552
669,603
670,532
671,547
672,565
673,499
674,544
675,525
676,463
677,541
678,482
679,423
680,510
681,438
682,383
683,457
684,391
685,339
686,399
687,344
688,350
689,340
690,290
691,345
692,272
693,227
694,252
695,200
696,152
697,157
698,115
699,69
700,14
400,6
401,90
402,222
403,255
404,264
405,364
406,339
407,382
408,391
409,346
410,455
411,392
412,347
413,448
414,383
415,356
416,427
417,368
418,462
419,403
420,364
421,450
422,380
423,447
424,424
425,375
426,465
427,399
428,398
429,445
430,388
431,492
432,418
433,391
434,473
435,399
436,518
437,443
438,401
439,497
440,417
441,470
442,474
443,414
444,528
445,443
446,422
447,496
448,425
449,549
450,467
451,415
452,528
453,437
454,522
455,496
456,426
457,561
458,454
459,496
460,528
461,434
462,556
463,480
464,494
465,558
466,445
467,542
468,522
469,490
470,552
471,464
472,526
473,549
474,488
475,525
476,514
477,505
478,530
479,450
480,521
481,531
482,494
483,530
484,503
485,517
486,535
487,480
488,528
489,531
490,508
491,535
492,494
493,526
494,535
495,503
496,534
497,531
498,518
499,539
500,492
501,531
502,534
503,515
504,537
505,531
506,524
507,538
508,511
509,534
510,533
511,522
512,540
513,524
514,529
515,535
516,522
517,537
518,532
519,526
520,538
521,517
522,531
523,533
524,524
525,538
526,531
527,526
528,534
529,523
530,533
531,531
532,525
533,535
534,530
535,526
536,531
537,522
538,532
539,529
540,523
541,530
542,510
543,524
544,527
545,519
546,570
547,583
548,602
549,644
550,635
551,691
552,661
553,692
554,705
555,682
556,740
557,701
558,738
559,736
560,724
561,762
562,725
563,753
564,774
565,735
566,771
567,772
568,761
569,781
570,753
571,776
572,788
573,761
574,785
575,792
576,779
577,791
578,774
579,787
580,795
581,774
582,793
583,798
584,786
585,796
586,786
587,792
588,799
589,777
590,795
591,799
592,784
593,796
594,790
595,787
596,797
597,777
598,791
599,797
600,770
601,794
602,781
603,782
604,795
605,769
606,787
607,783
608,763
609,790
610,769
611,774
612,785
613,759
614,782
615,771
616,753
617,784
618,751
619,765
620,769
621,747
622,773
623,758
624,742
625,763
626,734
627,753
628,753
629,730
630,755
631,732
632,727
633,742
634,708
635,735
636,734
637,707
638,723
639,700
640,704
641,718
642,683
643,699
644,714
645,665
646,694
647,710
648,646
649,689
650,700
651,639
652,684
653,672
654,631
655,677
656,642
657,626
658,671
659,613
660,620
661,659
662,585
663,616
664,623
665,556
666,610
667,589
668,526
669,604
670,555
671,493
672,596
673,521
674,473
675,552
676,483
677,472
678,507
679,443
680,473
681,462
682,402
683,470
684,412
685,355
686,427
687,361
688,308
689,361
690,303
691,254
692,287
693,237
694,190
695,211
696,158
697,172
698,121
699,71
700,15
400,6
401,95
402,205
403,269
404,277
405,391
406,357
407,324
408,417
409,364
410,342
411,419
412,366
413,418
414,408
415,358
416,457
417,391
418,364
419,432
420,368
421,474
422,404
423,373
424,455
425,382
426,460
427,428
428,385
429,472
430,403
431,403
432,451
433,394
434,502
435,424
436,395
437,475
438,406
439,526
440,451
441,407
442,505
443,424
444,469
445,482
446,417
447,542
448,446
449,432
450,509
451,428
452,549
453,474
454,417
455,542
456,441
457,521
458,503
459,424
460,560
461,462
462,502
463,543
464,435
465,550
466,496
467,497
468,556
469,448
470,528
471,541
472,496
473,544
474,478
475,511
476,531
477,456
478,522
479,529
480,502
481,530
482,473
483,519
484,535
485,487
486,529
487,529
488,515
489,535
490,473
491,528
492,532
493,506
494,534
495,517
496,523
497,539
498,502
499,532
500,532
501,516
502,538
503,509
504,528
505,535
506,515
507,536
508,532
509,521
510,540
511,509
512,532
513,533
514,521
515,538
516,531
517,525
518,535
519,520
520,534
521,532
522,525
523,540
524,530
525,526
526,533
527,522
528,534
529,531
530,526
531,534
532,517
533,525
534,530
535,522
536,534
537,529
538,524
539,530
540,516
541,524
542,527
543,520
544,529
545,526
546,553
547,598
548,604
549,658
550,632
551,657
552,687
553,668
554,726
555,688
556,721
557,727
558,708
559,756
560,717
561,747
562,762
563,726
564,766
565,761
566,756
567,778
568,744
569,773
570,786
571,760
572,783
573,785
574,776
575,790
576,763
577,786
578,794
579,776
580,792
581,796
582,787
583,796
584,777
585,793
586,798
587,781
588,797
589,798
590,789
591,798
592,786
593,792
594,798
595,776
596,794
597,795
598,778
599,795
600,781
601,786
602,796
603,769
604,790
605,783
606,770
607,792
608,767
609,780
610,784
611,761
612,785
613,772
614,759
615,785
616,755
617,772
618,770
619,751
620,779
621,758
622,746
623,767
624,739
625,761
626,756
627,736
628,760
629,733
630,732
631,748
632,718
633,745
634,739
635,716
636,732
637,700
638,713
639,722
640,681
641,708
642,720
643,676
644,704
645,705
646,671
647,700
648,683
649,666
650,696
651,668
652,660
653,690
654,641
655,652
656,684
657,615
658,645
659,656
660,587
661,639
662,625
663,559
664,633
665,592
666,537
667,628
668,559
669,536
670,597
671,525
672,534
673,559
674,490
675,530
676,517
677,453
678,526
679,472
680,414
681,502
682,428
683,373
684,445
685,379
686,326
687,389
688,328
689,322
690,327
691,271
692,320
693,255
694,204
695,230
696,169
697,131
698,130
699,75
700,15
400,6
401,102
402,176
403,293
404,296
405,290
406,387
407,346
408,394
409,393
410,353
411,457
412,394
413,348
414,450
415,385
416,360
417,424
418,365
419,465
420,397
421,368
422,444
423,378
424,467
425,417
426,378
427,468
428,399
429,413
430,445
431,392
432,489
433,418
434,393
435,469
436,403
437,525
438,443
439,403
440,495
441,416
442,490
443,475
444,413
445,530
446,437
447,443
448,497
449,423
450,554
451,463
452,423
453,529
454,435
455,536
456,496
457,424
458,561
459,449
460,504
461,527
462,432
463,555
464,479
465,498
466,560
467,443
468,551
469,519
470,497
471,549
472,464
473,526
474,547
475,469
476,524
477,516
478,505
479,531
480,456
481,521
482,533
483,494
484,530
485,508
486,518
487,536
488,481
489,529
490,531
491,510
492,536
493,495
494,526
495,535
496,504
497,534
498,531
499,516
500,539
501,494
502,531
503,534
504,515
505,538
506,532
507,522
508,538
509,513
510,535
511,533
512,522
513,540
514,531
515,527
516,536
517,521
518,536
519,532
520,525
521,537
522,518
523,530
524,533
525,524
526,537
527,531
528,526
529,534
530,522
531,530
532,531
533,524
534,535
535,529
536,525
537,531
538,520
539,530
540,528
541,523
542,529
543,513
544,523
545,527
546,551
547,607
548,604
549,618
550,660
551,648
552,705
553,671
554,703
555,713
556,689
557,746
558,707
559,743
560,745
561,724
562,764
563,735
564,754
565,776
566,738
567,771
568,780
569,759
570,781
571,768
572,776
573,788
574,755
575,785
576,793
577,776
578,792
579,788
580,786
581,795
582,771
583,792
584,798
585,783
586,796
587,795
588,791
589,798
590,781
591,794
592,799
593,776
594,795
595,795
596,782
597,797
598,781
599,788
600,797
601,771
602,792
603,784
604,775
605,794
606,770
607,783
608,787
609,764
610,787
611,774
612,763
613,789
614,759
615,775
616,773
617,753
618,781
619,761
620,749
621,772
622,743
623,764
624,760
625,739
626,768
627,739
628,736
629,753
630,724
631,750
632,744
633,721
634,740
635,709
636,718
637,730
638,695
639,715
640,723
641,690
642,711
643,703
644,685
645,707
646,684
647,680
648,703
649,663
650,675
651,699
652,645
653,669
654,687
655,617
656,661
657,658
658,591
659,655
660,626
661,583
662,650
663,597
664,576
665,644
666,567
667,571
668,606
669,534
670,568
671,567
672,502
673,563
674,529
675,467
676,559
677,488
678,429
679,517
680,447
681,391
682,467
683,403
684,387
685,413
686,352
687,391
688,356
689,300
690,363
691,292
692,240
693,279
694,218
695,179
696,184
697,139
698,105
699,80
700,15
400,6
401,112
402,190
403,222
404,324
405,313
406,405
407,376
408,339
409,438
410,385
411,341
412,436
413,377
414,354
415,425
416,366
417,466
418,400
419,365
420,443
421,378
422,451
423,417
424,376
425,460
426,393
427,409
428,442
429,385
430,484
431,417
432,388
433,468
434,400
435,519
436,439
437,397
438,488
439,414
440,483
441,468
442,410
443,522
444,434
445,431
446,493
447,421
448,551
449,460
450,415
451,523
452,432
453,532
454,492
455,421
456,562
457,451
458,496
459,519
460,435
461,557
462,479
463,491
464,560
465,441
466,547
467,518
468,487
469,553
470,465
471,524
472,551
473,480
474,541
475,517
476,504
477,530
478,450
479,520
480,532
481,493
482,530
483,498
484,516
485,535
486,478
487,528
488,531
489,508
490,535
491,493
492,525
493,536
494,501
495,533
496,531
497,518
498,539
499,493
500,531
501,534
502,514
503,538
504,531
505,524
506,537
507,512
508,534
509,533
510,522
511,540
512,522
513,529
514,535
515,520
516,537
517,532
518,524
519,537
520,517
521,531
522,533
523,525
524,538
525,530
526,526
527,534
528,521
529,533
530,531
531,524
532,535
533,529
534,525
535,530
536,522
537,533
538,528
539,523
540,530
541,514
542,524
543,528
544,519
545,529
546,561
547,580
548,625
549,621
550,677
551,646
552,672
553,698
554,676
555,733
556,695
557,728
558,735
559,714
560,758
561,721
562,748
563,770
564,731
565,767
566,768
567,756
568,779
569,750
570,773
571,787
572,759
573,784
574,791
575,777
576,791
577,768
578,787
579,794
580,774
581,793
582,797
583,787
584,796
585,782
586,792
587,799
588,778
589,796
590,800
591,787
592,798
593,788
594,789
595,797
596,777
597,792
598,797
599,772
600,794
601,782
602,783
603,795
604,770
605,788
606,784
607,765
608,790
609,772
610,776
611,786
612,760
613,782
614,773
615,755
616,785
617,754
618,764
619,772
620,749
621,773
622,762
623,744
624,768
625,735
626,751
627,755
628,732
629,760
630,741
631,729
632,746
633,710
634,732
635,737
636,709
637,728
638,705
639,705
640,719
641,686
642,702
643,716
644,669
645,697
646,712
647,652
648,691
649,696
650,645
651,687
652,677
653,639
654,681
655,649
656,630
657,674
658,621
659,625
660,666
661,592
662,621
663,631
664,561
665,616
666,597
667,531
668,611
669,562
670,502
671,604
672,529
673,489
674,562
675,492
676,490
677,517
678,452
679,486
680,473
681,412
682,483
683,425
684,368
685,444
686,372
687,323
688,382
689,317
690,273
691,313
692,254
693,225
694,232
695,188
696,201
697,147
698,109
699,83
700,14
