400,1
401,77
402,165
403,285
404,294
405,374
406,382
407,345
408,454
409,389
410,353
411,450
412,390
413,362
414,438
415,381
416,456
417,417
418,372
419,464
420,393
421,423
422,434
423,383
424,481
425,410
426,387
427,461
428,396
429,502
430,432
431,400
432,481
433,409
434,499
435,457
436,410
437,505
438,429
439,423
440,485
441,422
442,542
443,454
444,414
445,510
446,433
447,552
448,480
449,424
450,543
451,445
452,499
453,508
454,435
455,566
456,470
457,485
458,539
459,443
460,565
461,499
462,477
463,568
464,453
465,527
466,538
467,472
468,561
469,485
470,525
471,560
472,465
473,549
474,520
475,506
476,534
477,464
478,523
479,540
480,491
481,533
482,517
483,518
484,539
485,470
486,531
487,538
488,506
489,539
490,510
491,528
492,544
493,501
494,537
495,537
496,517
497,543
498,500
499,534
500,541
501,517
502,542
503,537
504,525
505,546
506,512
507,538
508,539
509,525
510,544
511,536
512,529
513,542
514,524
515,540
516,538
517,529
518,546
519,523
520,535
521,539
522,529
523,542
524,536
525,531
526,541
527,524
528,535
529,537
530,530
531,542
532,535
533,531
534,537
535,526
536,536
537,534
538,528
539,536
540,527
541,529
542,534
543,524
544,535
545,532
546,559
547,609
548,612
549,667
550,662
551,654
552,703
553,680
554,732
555,705
556,722
557,745
558,714
559,765
560,732
561,753
562,780
563,739
564,775
565,780
566,762
567,788
568,767
569,782
570,797
571,762
572,794
573,802
574,785
575,800
576,790
577,797
578,806
579,780
580,804
581,809
582,796
583,808
584,805
585,803
586,810
587,790
588,807
589,812
590,796
591,809
592,807
593,801
594,810
595,795
596,804
597,811
598,786
599,806
600,801
601,792
602,807
603,786
604,799
605,804
606,780
607,802
608,791
609,781
610,804
611,776
612,791
613,791
614,771
615,795
616,780
617,766
618,791
619,763
620,782
621,778
622,758
623,787
624,762
625,754
626,773
627,745
628,769
629,764
630,742
631,764
632,735
633,739
634,753
635,721
636,746
637,739
638,718
639,733
640,712
641,714
642,729
643,693
644,710
645,726
646,674
647,705
648,722
649,655
650,700
651,708
652,646
653,694
654,679
655,638
656,687
657,651
658,632
659,681
660,621
661,628
662,666
663,592
664,622
665,631
666,562
667,617
668,595
669,529
670,612
671,559
672,498
673,602
674,522
675,471
676,555
677,481
678,477
679,507
680,441
681,479
682,460
683,398
684,476
685,407
686,349
687,423
688,352
689,298
690,355
691,291
692,240
693,276
694,218
695,178
696,182
697,140
698,144
699,80
700,14
400,5
401,110
402,189
403,315
404,320
405,311
406,423
407,372
408,336
409,427
410,380
411,360
412,426
413,373
414,447
415,416
416,361
417,463
418,394
419,386
420,432
421,373
422,476
423,410
424,384
425,459
426,387
427,498
428,432
429,391
430,479
431,408
432,463
433,456
434,406
435,503
436,429
437,400
438,483
439,418
440,542
441,455
442,412
443,509
444,428
445,523
446,482
447,421
448,542
449,444
450,475
451,507
452,432
453,564
454,471
455,459
456,542
457,443
458,558
459,496
460,458
461,568
462,454
463,521
464,531
465,446
466,562
467,480
468,520
469,562
470,443
471,551
472,517
473,516
474,549
475,466
476,520
477,537
478,485
479,531
480,510
481,516
482,537
483,468
484,529
485,535
486,507
487,537
488,498
489,527
490,542
491,500
492,536
493,535
494,521
495,541
496,486
497,533
498,538
499,515
500,541
501,535
502,528
503,543
504,511
505,538
506,537
507,524
508,543
509,530
510,533
511,540
512,523
513,541
514,536
515,528
516,543
517,519
518,536
519,537
520,528
521,542
522,535
523,530
524,539
525,525
526,537
527,535
528,529
529,541
530,534
531,530
532,536
533,526
534,538
535,533
536,528
537,536
538,518
539,529
540,533
541,526
542,535
543,531
544,526
545,531
546,555
547,616
548,627
549,626
550,674
551,657
552,713
553,691
554,699
555,730
556,701
557,753
558,718
559,747
560,764
561,728
562,771
563,764
564,759
565,785
566,751
567,778
568,795
569,763
570,791
571,795
572,783
573,799
574,775
575,795
576,804
577,782
578,802
579,807
580,796
581,807
582,789
583,804
584,810
585,790
586,807
587,811
588,800
589,810
590,801
591,804
592,811
593,790
594,806
595,810
596,790
597,807
598,798
599,798
600,808
601,785
602,802
603,801
604,780
605,804
606,789
607,790
608,805
609,778
610,796
611,790
612,771
613,799
614,775
615,781
616,789
617,766
618,789
619,779
620,761
621,788
622,754
623,769
624,774
625,751
626,780
627,762
628,748
629,767
630,733
631,752
632,757
633,732
634,754
635,731
636,729
637,743
638,702
639,726
640,736
641,698
642,723
643,725
644,693
645,719
646,705
647,688
648,713
649,684
650,682
651,709
652,666
653,676
654,704
655,638
656,669
657,681
658,611
659,663
660,649
661,584
662,658
663,617
664,573
665,653
666,585
667,569
668,625
669,551
670,568
671,586
672,519
673,563
674,548
675,484
676,557
677,507
678,446
679,542
680,465
681,407
682,489
683,419
684,364
685,432
686,368
687,361
688,373
689,314
690,371
691,307
692,253
693,296
694,230
695,188
696,194
697,146
698,110
699,83
700,15
400,6
401,130
402,200
403,233
404,340
405,327
406,373
407,393
408,353
409,458
410,402
411,354
412,458
413,392
414,361
415,441
416,379
417,454
418,416
419,371
420,460
421,393
422,417
423,436
424,383
425,477
426,410
427,387
428,465
429,392
430,503
431,434
432,396
433,483
434,411
435,491
436,459
437,406
438,507
439,432
440,417
441,487
442,419
443,548
444,453
445,415
446,510
447,431
448,546
449,480
450,425
451,543
452,442
453,501
454,508
455,430
456,567
457,466
458,489
459,536
460,443
461,561
462,496
463,484
464,564
465,449
466,530
467,538
468,480
469,557
470,480
471,526
472,555
473,475
474,544
475,534
476,504
477,533
478,461
479,523
480,538
481,491
482,532
483,514
484,518
485,538
486,476
487,531
488,535
489,510
490,537
491,500
492,528
493,539
494,504
495,537
496,535
497,520
498,542
499,492
500,533
501,538
502,517
503,541
504,535
505,527
506,542
507,515
508,538
509,537
510,525
511,543
512,530
513,531
514,539
515,523
516,540
517,536
518,528
519,542
520,520
521,534
522,537
523,528
524,541
525,534
526,529
527,537
528,524
529,535
530,535
531,527
532,541
533,533
534,529
535,534
536,525
537,535
538,532
539,526
540,534
541,516
542,527
543,531
544,522
545,535
546,567
547,587
548,634
549,629
550,688
551,660
552,678
553,709
554,685
555,743
556,705
557,737
558,746
559,724
560,769
561,731
562,760
563,783
564,741
565,779
566,782
567,766
568,790
569,767
570,784
571,798
572,767
573,795
574,803
575,787
576,802
577,787
578,798
579,806
580,782
581,804
582,809
583,796
584,807
585,802
586,803
587,811
588,790
589,807
590,812
591,796
592,809
593,803
594,800
595,809
596,791
597,803
598,810
599,784
600,806
601,797
602,793
603,807
604,783
605,799
606,798
607,777
608,801
609,786
610,786
611,801
612,774
613,792
614,786
615,768
616,796
617,769
618,776
619,785
620,761
621,785
622,773
623,756
624,781
625,747
626,760
627,769
628,744
629,773
630,757
631,741
632,759
633,720
634,739
635,750
636,721
637,740
638,721
639,717
640,732
641,703
642,713
643,728
644,685
645,709
646,725
647,667
648,703
649,715
650,653
651,699
652,695
653,646
654,692
655,665
656,638
657,686
658,636
659,634
660,680
661,607
662,630
663,647
664,576
665,626
666,613
667,545
668,620
669,578
670,516
671,612
672,544
673,484
674,579
675,506
676,489
677,533
678,466
679,487
680,488
681,425
682,486
683,440
684,380
685,460
686,385
687,334
688,395
689,328
690,282
691,324
692,264
693,222
694,242
695,196
696,193
697,154
698,114
699,89
700,15
400,6
401,87
402,213
403,247
404,380
405,350
406,329
407,429
408,377
409,336
410,435
411,379
412,384
413,424
414,371
415,466
416,408
417,366
418,457
419,387
420,432
421,425
422,375
423,470
424,403
425,394
426,446
427,389
428,492
429,420
430,392
431,474
432,397
433,516
434,447
435,402
436,495
437,417
438,462
439,477
440,414
441,526
442,440
443,414
444,495
445,428
446,555
447,463
448,418
449,524
450,440
451,528
452,495
453,429
454,566
455,455
456,492
457,525
458,437
459,560
460,485
461,482
462,568
463,448
464,541
465,519
466,477
467,561
468,470
469,525
470,560
471,468
472,549
473,503
474,521
475,534
476,451
477,523
478,537
479,493
480,532
481,500
482,518
483,537
484,474
485,530
486,534
487,509
488,537
489,494
490,526
491,539
492,502
493,536
494,534
495,520
496,541
497,491
498,533
499,537
500,515
501,540
502,534
503,527
504,541
505,511
506,537
507,536
508,523
509,543
510,529
511,531
512,539
513,523
514,540
515,535
516,528
517,542
518,518
519,535
520,537
521,527
522,542
523,535
524,529
525,538
526,524
527,535
528,535
529,529
530,542
531,533
532,529
533,535
534,525
535,536
536,533
537,528
538,535
539,516
540,528
541,532
542,523
543,536
544,530
545,525
546,571
547,586
548,649
549,644
550,639
551,687
552,668
553,724
554,691
555,713
556,735
557,705
558,760
559,722
560,751
561,770
562,733
563,773
564,770
565,760
566,787
567,754
568,780
569,795
570,763
571,792
572,797
573,784
574,799
575,777
576,796
577,805
578,783
579,803
580,808
581,796
582,807
583,794
584,803
585,810
586,789
587,808
588,811
589,799
590,809
591,801
592,804
593,810
594,790
595,804
596,810
597,787
598,807
599,797
600,796
601,808
602,785
603,801
604,800
605,779
606,803
607,788
608,789
609,804
610,776
611,795
612,789
613,771
614,799
615,774
616,778
617,788
618,764
619,788
620,777
621,760
622,786
623,754
624,765
625,772
626,749
627,777
628,762
629,745
630,765
631,729
632,749
633,755
634,727
635,750
636,729
637,726
638,739
639,697
640,722
641,734
642,686
643,718
644,730
645,682
646,713
647,709
648,676
649,708
650,694
651,670
652,704
653,666
654,663
655,697
656,638
657,656
658,684
659,610
660,650
661,652
662,582
663,646
664,617
665,553
666,641
667,584
668,542
669,626
670,551
671,539
672,587
673,517
674,535
675,546
676,481
677,529
678,502
679,441
680,525
681,458
682,400
683,482
684,409
685,354
686,421
687,360
688,307
689,358
690,303
691,298
692,287
693,238
694,270
695,211
696,159
697,167
698,121
699,72
700,15
400,6
401,95
402,238
403,268
404,277
405,385
406,356
407,323
408,413
409,363
410,400
411,414
412,364
413,470
414,404
415,359
416,454
417,386
418,423
419,423
420,368
421,467
422,398
423,379
424,447
425,377
426,485
427,420
428,391
429,468
430,395
431,505
432,439
433,399
434,492
435,414
436,449
437,466
438,410
439,521
440,437
441,407
442,492
443,424
444,551
445,463
446,416
447,518
448,435
449,515
450,494
451,426
452,564
453,455
454,482
455,518
456,438
457,562
458,478
459,473
460,562
461,447
462,540
463,516
464,460
465,559
466,470
467,522
468,563
469,453
470,553
471,498
472,519
473,551
474,453
475,523
476,536
477,493
478,529
479,487
480,517
481,536
482,477
483,529
484,532
485,510
486,536
487,480
488,527
489,537
490,501
491,536
492,533
493,522
494,540
495,493
496,533
497,536
498,514
499,540
500,527
501,529
502,540
503,513
504,537
505,535
506,523
507,543
508,510
509,533
510,538
511,522
512,541
513,535
514,527
515,540
516,520
517,536
518,536
519,527
520,542
521,533
522,529
523,537
524,525
525,537
526,534
527,528
528,539
529,530
530,530
531,535
532,526
533,538
534,533
535,528
536,535
537,521
538,528
539,532
540,525
541,534
542,531
543,526
544,530
545,518
546,579
547,600
548,608
549,656
550,643
551,699
552,683
553,685
554,721
555,694
556,747
557,710
558,740
559,754
560,723
561,768
562,754
563,755
564,783
565,746
566,777
567,792
568,761
569,789
570,786
571,783
572,798
573,765
574,794
575,804
576,784
577,801
578,803
579,797
580,806
581,781
582,803
583,809
584,792
585,807
586,809
587,801
588,810
589,794
590,805
591,811
592,789
593,807
594,810
595,792
596,808
597,796
598,799
599,808
600,785
601,803
602,799
603,784
604,804
605,785
606,794
607,803
608,777
609,798
610,789
611,773
612,800
613,772
614,786
615,789
616,767
617,791
618,778
619,763
620,787
621,757
622,774
623,775
624,753
625,782
626,761
627,750
628,768
629,737
630,758
631,759
632,735
633,756
634,731
635,733
636,746
637,709
638,733
639,737
640,705
641,726
642,718
643,700
644,722
645,699
646,696
647,718
648,678
649,691
650,714
651,662
652,685
653,708
654,636
655,677
656,679
657,611
658,671
659,648
660,593
661,666
662,618
663,593
664,660
665,586
666,589
667,625
668,555
669,584
670,589
671,521
672,580
673,552
674,487
675,575
676,512
677,449
678,542
679,468
680,412
681,493
682,425
683,410
684,439
685,376
686,412
687,385
688,327
689,391
690,324
691,270
692,309
693,253
694,203
695,227
696,169
697,131
698,129
699,75
700,15
400,6
401,102
402,175
403,287
404,293
405,368
406,379
407,342
408,451
409,386
410,350
411,448
412,388
413,358
414,438
415,379
416,444
417,416
418,367
419,462
420,390
421,408
422,432
423,378
424,478
425,407
426,384
427,463
428,390
429,502
430,431
431,396
432,479
433,406
434,490
435,454
436,406
437,503
438,427
439,411
440,482
441,419
442,539
443,451
444,410
445,508
446,430
447,542
448,478
449,420
450,541
451,443
452,491
453,508
454,431
455,562
456,469
457,482
458,536
459,440
460,561
461,497
462,476
463,564
464,452
465,523
466,537
467,471
468,558
469,482
470,522
471,556
472,461
473,545
474,522
475,502
476,531
477,466
478,520
479,536
480,483
481,530
482,517
483,516
484,536
485,467
486,528
487,535
488,503
489,536
490,505
491,526
492,541
493,501
494,535
495,534
496,518
497,541
498,494
499,532
500,538
501,515
502,539
503,534
504,525
505,544
506,511
507,537
508,536
509,523
510,543
511,534
512,530
513,539
514,523
515,539
516,535
517,527
518,544
519,517
520,533
521,536
522,527
523,541
524,534
525,529
526,538
527,523
528,534
529,535
530,528
531,541
532,533
533,528
534,534
535,525
536,535
537,532
538,526
539,534
540,515
541,527
542,531
543,522
544,534
545,530
546,557
547,606
548,610
549,672
550,655
551,653
552,699
553,677
554,733
555,696
556,725
557,741
558,711
559,765
560,727
561,755
562,777
563,737
564,776
565,777
566,764
567,788
568,762
569,783
570,797
571,765
572,794
573,802
574,786
575,801
576,785
577,796
578,806
579,783
580,803
581,809
582,797
583,807
584,799
585,803
586,810
587,789
588,808
589,812
590,799
591,809
592,803
593,802
594,810
595,791
596,805
597,810
598,785
599,807
600,797
601,796
602,808
603,784
604,800
605,799
606,779
607,804
608,786
609,789
610,801
611,775
612,795
613,787
614,770
615,798
616,769
617,780
618,786
619,764
620,787
621,776
622,759
623,784
624,751
625,766
626,771
627,748
628,777
629,758
630,744
631,762
632,728
633,747
634,753
635,726
636,746
637,725
638,723
639,735
640,700
641,719
642,732
643,682
644,715
645,728
646,673
647,710
648,712
649,667
650,706
651,695
652,661
653,700
654,666
655,653
656,694
657,638
658,647
659,683
660,610
661,643
662,650
663,580
664,637
665,616
666,550
667,632
668,582
669,519
670,628
671,546
672,520
673,585
674,511
675,521
676,541
677,472
678,517
679,495
680,434
681,515
682,449
683,391
684,471
685,398
686,343
687,411
688,345
689,293
690,345
691,285
692,259
693,269
694,214
695,248
696,178
697,137
698,138
699,78
700,15
400,6
401,108
402,184
403,310
404,311
405,304
406,406
407,363
408,352
409,412
410,370
411,440
412,412
413,363
414,467
415,402
416,366
417,446
418,382
419,462
420,416
421,376
422,464
423,397
424,426
425,437
426,386
427,485
428,417
429,389
430,467
431,400
432,512
433,439
434,403
435,488
436,414
437,497
438,463
439,414
440,515
441,435
442,430
443,492
444,423
445,559
446,458
447,414
448,517
449,435
450,545
451,487
452,424
453,555
454,449
455,496
456,517
457,435
458,563
459,471
460,492
461,552
462,445
463,558
464,503
465,483
466,564
467,462
468,528
469,556
470,476
471,552
472,492
473,523
474,549
475,442
476,523
477,533
478,498
479,532
480,479
481,520
482,537
483,483
484,530
485,532
486,513
487,537
488,474
489,528
490,536
491,505
492,537
493,533
494,524
495,541
496,498
497,534
498,536
499,516
500,540
501,521
502,529
503,539
504,513
505,538
506,535
507,524
508,543
509,509
510,534
511,538
512,523
513,541
514,535
515,527
516,541
517,521
518,536
519,536
520,527
521,542
522,533
523,529
524,537
525,526
526,538
527,534
528,528
529,539
530,525
531,528
532,534
533,525
534,537
535,532
536,527
537,534
538,520
539,528
540,532
541,525
542,533
543,530
544,525
545,530
546,555
547,618
548,625
549,625
550,672
551,657
552,714
553,685
554,702
555,729
556,701
557,754
558,718
559,749
560,762
561,728
562,772
563,762
564,760
565,786
566,750
567,780
568,795
569,766
570,792
571,790
572,785
573,800
574,769
575,796
576,805
577,785
578,803
579,808
580,797
581,807
582,787
583,804
584,810
585,791
586,808
587,811
588,801
589,810
590,798
591,806
592,811
593,790
594,807
595,811
596,791
597,808
598,798
599,799
600,809
601,786
602,803
603,800
604,781
605,804
606,789
607,792
608,804
609,778
610,798
611,789
612,772
613,800
614,773
615,784
616,789
617,766
618,791
619,779
620,762
621,787
622,756
623,772
624,775
625,752
626,781
627,763
628,749
629,768
630,734
631,755
632,758
633,732
634,754
635,732
636,730
637,743
638,702
639,726
640,737
641,698
642,723
643,726
644,693
645,719
646,706
647,688
648,715
649,683
650,683
651,710
652,666
653,676
654,704
655,639
656,668
657,684
658,612
659,662
660,652
661,585
662,657
663,621
664,568
665,652
666,588
667,567
668,630
669,555
670,565
671,590
672,521
673,561
674,550
675,486
676,559
677,508
678,447
679,542
680,465
681,408
682,489
683,419
684,364
685,431
686,367
687,366
688,374
689,314
690,368
691,309
692,253
693,298
694,231
695,188
696,194
697,147
698,110
699,84
700,15
400,6
401,119
402,201
403,235
404,343
405,329
406,353
407,397
408,355
409,457
410,403
411,356
412,461
413,395
414,361
415,446
416,383
417,438
418,420
419,371
420,463
421,396
422,396
423,439
424,382
425,480
426,413
427,389
428,468
429,393
430,505
431,438
432,397
433,486
434,414
435,462
436,464
437,407
438,512
439,435
440,404
441,490
442,421
443,555
444,456
445,416
446,513
447,431
448,531
449,483
450,426
451,550
452,446
453,486
454,512
455,433
456,565
457,474
458,476
459,546
460,446
461,558
462,503
463,468
464,562
465,458
466,524
467,548
468,462
469,556
470,488
471,520
472,554
473,454
474,542
475,535
476,496
477,531
478,472
479,519
480,536
481,479
482,530
483,531
484,512
485,536
486,466
487,528
488,536
489,502
490,536
491,518
492,524
493,541
494,498
495,535
496,535
497,515
498,540
499,504
500,531
501,539
502,514
503,539
504,535
505,522
506,543
507,508
508,534
509,537
510,523
511,541
512,534
513,527
514,539
515,521
516,539
517,535
518,527
519,543
520,525
521,528
522,537
523,526
524,539
525,534
526,528
527,537
528,522
529,533
530,535
531,527
532,540
533,532
534,528
535,534
536,524
537,533
538,531
539,525
540,533
541,522
542,526
543,531
544,520
545,533
546,567
547,586
548,634
549,629
550,688
551,664
552,675
553,711
554,686
555,742
556,705
557,735
558,747
559,720
560,768
561,735
562,758
563,782
564,742
565,778
566,784
567,764
568,790
569,770
570,783
571,798
572,764
573,794
574,803
575,786
576,802
577,795
578,797
579,806
580,779
581,804
582,809
583,796
584,808
585,804
586,803
587,811
588,791
589,807
590,812
591,794
592,809
593,806
594,799
595,809
596,794
597,803
598,810
599,786
600,805
601,799
602,791
603,806
604,785
605,797
606,802
607,779
608,801
609,789
610,782
611,802
612,774
613,791
614,789
615,769
616,796
617,776
618,770
619,787
620,761
621,782
622,776
623,757
624,784
625,755
626,754
627,771
628,743
629,770
630,762
631,741
632,760
633,727
634,738
635,750
636,718
637,741
638,728
639,715
640,731
641,709
642,711
643,728
644,691
645,706
646,724
647,673
648,701
649,720
650,658
651,697
652,705
653,638
654,689
655,674
656,631
657,684
658,645
659,626
660,678
661,616
662,622
663,659
664,585
665,616
666,623
667,553
668,612
669,586
670,522
671,605
672,550
673,490
674,590
675,513
676,461
677,543
678,473
679,462
680,497
681,432
682,463
683,448
684,386
685,460
686,392
687,339
688,405
689,334
690,287
691,331
692,269
693,226
694,247
695,200
696,151
697,156
698,116
699,92
700,15
400,6
401,91
402,217
403,251
404,355
405,354
406,332
407,436
408,382
409,339
410,441
411,383
412,358
413,429
414,374
415,452
416,414
417,367
418,460
419,390
420,420
421,429
422,376
423,474
424,408
425,382
426,451
427,389
428,497
429,425
430,393
431,478
432,400
433,509
434,451
435,403
436,499
437,420
438,433
439,481
440,415
441,533
442,445
443,411
444,500
445,429
446,553
447,468
448,419
449,530
450,439
451,510
452,499
453,430
454,566
455,458
456,489
457,527
458,438
459,559
460,488
461,480
462,567
463,448
464,538
465,521
466,476
467,561
468,471
469,526
470,559
471,472
472,549
473,502
474,521
475,533
476,448
477,522
478,533
479,495
480,531
481,495
482,518
483,536
484,475
485,529
486,532
487,511
488,536
489,486
490,527
491,537
492,503
493,536
494,533
495,522
496,541
497,494
498,534
499,536
500,516
501,540
502,533
503,528
504,539
505,513
506,537
507,536
508,523
509,543
510,519
511,532
512,538
513,522
514,540
515,535
516,527
517,540
518,518
519,535
520,536
521,527
522,542
523,534
524,529
525,537
526,524
527,536
528,534
529,528
530,539
531,532
532,528
533,534
534,525
535,536
536,531
537,527
538,533
539,517
540,527
541,531
542,523
543,533
544,529
545,524
546,570
547,586
548,648
549,641
550,639
551,686
552,668
553,725
554,689
555,717
556,734
557,705
558,761
559,723
560,753
561,769
562,733
563,774
564,768
565,764
566,788
567,753
568,782
569,796
570,766
571,793
572,795
573,786
574,801
575,775
576,797
577,805
578,784
579,803
580,808
581,798
582,807
583,793
584,803
585,810
586,791
587,808
588,812
589,800
590,810
591,800
592,804
593,811
594,790
595,805
596,810
597,788
598,807
599,797
600,797
601,808
602,785
603,800
604,800
605,780
606,803
607,788
608,790
609,802
610,777
611,796
612,788
613,771
614,799
615,772
616,780
617,788
618,765
619,789
620,778
621,761
622,786
623,753
624,767
625,773
626,750
627,777
628,761
629,746
630,765
631,730
632,750
633,755
634,728
635,751
636,729
637,727
638,739
639,697
640,723
641,734
642,688
643,719
644,730
645,683
646,714
647,711
648,677
649,710
650,693
651,672
652,705
653,668
654,664
655,699
656,640
657,657
658,684
659,612
660,651
661,652
662,584
663,647
664,618
665,554
666,641
667,585
668,541
669,629
670,552
671,538
672,590
673,519
674,536
675,548
676,481
677,534
678,503
679,440
680,532
681,459
682,400
683,481
684,409
685,355
686,420
687,360
688,308
689,358
690,304
691,309
692,287
693,239
694,271
695,212
696,160
697,169
698,122
699,73
700,15
400,6
401,96
402,239
403,270
404,278
405,386
406,357
407,329
408,414
409,365
410,409
411,415
412,364
413,470
414,405
415,356
416,456
417,388
418,421
419,426
420,366
421,470
422,401
423,380
424,449
425,380
426,488
427,423
428,391
429,471
430,400
431,501
432,445
433,401
434,496
435,419
436,417
437,474
438,412
439,526
440,443
441,409
442,497
443,426
444,549
445,471
446,418
447,526
448,437
449,496
450,499
451,429
452,563
453,462
454,471
455,525
456,441
457,560
458,487
459,458
460,569
461,448
462,532
463,521
464,450
465,559
466,475
467,520
468,563
469,441
470,552
471,505
472,516
473,550
474,454
475,521
476,535
477,487
478,529
479,496
480,515
481,535
482,469
483,528
484,532
485,507
486,535
487,490
488,525
489,538
490,497
491,534
492,533
493,519
494,540
495,488
496,532
497,536
498,513
499,539
500,533
501,527
502,540
503,511
504,536
505,535
506,521
507,542
508,520
509,531
510,538
511,521
512,539
513,535
514,527
515,541
516,518
517,534
518,536
519,526
520,541
521,533
522,528
523,537
524,524
525,536
526,534
527,528
528,539
529,533
530,529
531,535
532,524
533,536
534,532
535,527
536,534
537,519
538,527
539,531
540,524
541,536
542,530
543,525
544,530
545,516
546,563
547,600
548,609
549,658
550,644
551,693
552,688
553,676
554,724
555,695
556,745
557,718
558,736
559,757
560,724
561,768
562,760
563,753
564,783
565,747
566,776
567,792
568,760
569,789
570,790
571,781
572,798
573,771
574,794
575,803
576,781
577,801
578,807
579,795
580,806
581,789
582,802
583,809
584,790
585,807
586,810
587,800
588,810
589,798
590,805
591,811
592,790
593,807
594,811
595,791
596,807
597,799
598,799
599,809
600,787
601,803
602,802
603,782
604,805
605,790
606,792
607,805
608,778
609,798
610,791
611,773
612,800
613,776
614,784
615,791
616,768
617,790
618,780
619,763
620,790
621,757
622,771
623,776
624,754
625,781
626,768
627,751
628,771
629,736
630,754
631,760
632,735
633,758
634,739
635,733
636,747
637,706
638,732
639,738
640,703
641,726
642,727
643,698
644,721
645,708
646,692
647,718
648,687
649,687
650,713
651,669
652,682
653,709
654,641
655,675
656,686
657,615
658,669
659,655
660,587
661,664
662,624
663,584
664,657
665,594
666,580
667,635
668,562
669,575
670,598
671,528
672,572
673,560
674,493
675,567
676,520
677,456
678,553
679,476
680,419
681,502
682,432
683,377
684,448
685,383
686,372
687,393
688,333
689,378
690,331
691,275
692,318
693,259
694,207
695,233
696,172
697,134
698,132
699,76
700,15
